1.126057228000000000e+09
1.126067219000000000e+09
1.126073229000000000e+09
1.126075241000000000e+09
1.126083225000000000e+09
1.126085224000000000e+09
1.126091222000000000e+09
1.126097231000000000e+09
1.126101231000000000e+09
1.126109232000000000e+09
1.126113236000000000e+09
1.126121226000000000e+09
1.126129235000000000e+09
1.126131227000000000e+09
1.126137227000000000e+09
1.126143226000000000e+09
1.126149240000000000e+09
1.126151222000000000e+09
1.126155227000000000e+09
1.126165234000000000e+09
1.126167226000000000e+09
1.126171227000000000e+09
1.126177226000000000e+09
1.126179226000000000e+09
1.126185226000000000e+09
1.126187229000000000e+09
1.126193232000000000e+09
1.126197237000000000e+09
1.126203232000000000e+09
1.126207238000000000e+09
1.126209228000000000e+09
1.126213228000000000e+09
1.126221225000000000e+09
1.126225219000000000e+09
1.126235234000000000e+09
1.126239226000000000e+09
1.126267224000000000e+09
1.126273231000000000e+09
1.126279221000000000e+09
1.126289227000000000e+09
1.126291230000000000e+09
1.126293230000000000e+09
1.126295222000000000e+09
1.126313226000000000e+09
1.126317240000000000e+09
1.126321234000000000e+09
1.126323224000000000e+09
1.126329225000000000e+09
1.126331234000000000e+09
1.126337230000000000e+09
1.126343218000000000e+09
1.126355222000000000e+09
1.126361240000000000e+09
1.126363223000000000e+09
1.126369224000000000e+09
1.126379223000000000e+09
1.126387235000000000e+09
1.126389227000000000e+09
1.126407222000000000e+09
1.126431240000000000e+09
1.126439219000000000e+09
1.126441227000000000e+09
1.126445239000000000e+09
1.126447222000000000e+09
1.126465241000000000e+09
1.126467238000000000e+09
1.126469219000000000e+09
1.126481231000000000e+09
1.126485238000000000e+09
1.126489227000000000e+09
1.126497228000000000e+09
1.126499218000000000e+09
1.126503226000000000e+09
1.126509231000000000e+09
1.126519240000000000e+09
1.126523228000000000e+09
1.126527223000000000e+09
1.126529230000000000e+09
1.126533223000000000e+09
1.126537217000000000e+09
1.126541238000000000e+09
1.126543233000000000e+09
1.126545237000000000e+09
1.126559239000000000e+09
1.126565236000000000e+09
1.126567218000000000e+09
1.126569232000000000e+09
1.126573225000000000e+09
1.126577229000000000e+09
1.126579235000000000e+09
1.126583219000000000e+09
1.126587233000000000e+09
1.126589232000000000e+09
1.126601217000000000e+09
1.126609233000000000e+09
1.126611236000000000e+09
1.126617227000000000e+09
1.126619238000000000e+09
1.126623227000000000e+09
1.126625225000000000e+09
1.126629217000000000e+09
1.126633220000000000e+09
1.126635230000000000e+09
1.126637224000000000e+09
1.126639229000000000e+09
1.126641239000000000e+09
1.126647239000000000e+09
1.126653233000000000e+09
1.126659239000000000e+09
1.126661241000000000e+09
1.126667222000000000e+09
1.126675233000000000e+09
1.126681224000000000e+09
1.126687222000000000e+09
1.126693223000000000e+09
1.126699237000000000e+09
1.126705233000000000e+09
1.126725233000000000e+09
1.126739232000000000e+09
1.126749226000000000e+09
1.126751225000000000e+09
1.126753229000000000e+09
1.126755237000000000e+09
1.126757223000000000e+09
1.126769237000000000e+09
1.126771235000000000e+09
1.126789237000000000e+09
1.126793227000000000e+09
1.126797241000000000e+09
1.126799219000000000e+09
1.126801218000000000e+09
1.126803236000000000e+09
1.126809234000000000e+09
1.126811228000000000e+09
1.126813217000000000e+09
1.126815240000000000e+09
1.126825236000000000e+09
1.126827235000000000e+09
1.126833220000000000e+09
1.126835232000000000e+09
1.126839240000000000e+09
1.126841239000000000e+09
1.126843218000000000e+09
1.126845225000000000e+09
1.126849229000000000e+09
1.126855233000000000e+09
1.126861241000000000e+09
1.126863233000000000e+09
1.126867221000000000e+09
1.126873222000000000e+09
1.126887238000000000e+09
1.126891233000000000e+09
1.126901226000000000e+09
1.126907236000000000e+09
1.126909228000000000e+09
1.126911235000000000e+09
1.126917229000000000e+09
1.126919229000000000e+09
1.126929229000000000e+09
1.126935236000000000e+09
1.126937237000000000e+09
1.126939222000000000e+09
1.126951226000000000e+09
1.126953224000000000e+09
1.126959230000000000e+09
1.126969231000000000e+09
1.126973232000000000e+09
1.126991228000000000e+09
1.126999234000000000e+09
1.127015237000000000e+09
1.127031238000000000e+09
1.127033222000000000e+09
1.127039240000000000e+09
1.127041234000000000e+09
1.127055218000000000e+09
1.127057233000000000e+09
1.127065229000000000e+09
1.127067224000000000e+09
1.127075233000000000e+09
1.127095221000000000e+09
1.127101217000000000e+09
1.127103237000000000e+09
1.127107227000000000e+09
1.127123230000000000e+09
1.127133240000000000e+09
1.127135236000000000e+09
1.127137241000000000e+09
1.127139232000000000e+09
1.127149233000000000e+09
1.127153230000000000e+09
1.127159241000000000e+09
1.127167239000000000e+09
1.127171241000000000e+09
1.127173228000000000e+09
1.127177217000000000e+09
1.127179223000000000e+09
1.127181226000000000e+09
1.127183218000000000e+09
1.127195241000000000e+09
1.127203234000000000e+09
1.127209237000000000e+09
1.127221229000000000e+09
1.127227218000000000e+09
1.127235229000000000e+09
1.127241240000000000e+09
1.127253232000000000e+09
1.127271236000000000e+09
1.127281221000000000e+09
1.127283228000000000e+09
1.127289234000000000e+09
1.127295233000000000e+09
1.127301223000000000e+09
1.127307241000000000e+09
1.127325240000000000e+09
1.127327221000000000e+09
1.127333227000000000e+09
1.127337221000000000e+09
1.127345228000000000e+09
1.127347217000000000e+09
1.127349235000000000e+09
1.127351226000000000e+09
1.127353238000000000e+09
1.127355241000000000e+09
1.127363221000000000e+09
1.127367227000000000e+09
1.127369228000000000e+09
1.127377221000000000e+09
1.127383230000000000e+09
1.127385239000000000e+09
1.127387227000000000e+09
1.127389226000000000e+09
1.127393225000000000e+09
1.127401241000000000e+09
1.127403234000000000e+09
1.127411241000000000e+09
1.127413241000000000e+09
1.127425217000000000e+09
1.127427220000000000e+09
1.127429241000000000e+09
1.127431218000000000e+09
1.127433223000000000e+09
1.127435238000000000e+09
1.127447238000000000e+09
1.127451223000000000e+09
1.127459229000000000e+09
1.127463224000000000e+09
1.127465238000000000e+09
1.127469223000000000e+09
1.127471218000000000e+09
1.127485227000000000e+09
1.127491228000000000e+09
1.127499238000000000e+09
1.127511229000000000e+09
1.127515223000000000e+09
1.127517232000000000e+09
1.127521231000000000e+09
1.127523236000000000e+09
1.127531225000000000e+09
1.127539222000000000e+09
1.127541233000000000e+09
1.127549228000000000e+09
1.127555228000000000e+09
1.127559219000000000e+09
1.127563237000000000e+09
1.127567228000000000e+09
1.127569233000000000e+09
1.127575240000000000e+09
1.127591224000000000e+09
1.127593220000000000e+09
1.127595225000000000e+09
1.127597237000000000e+09
1.127599223000000000e+09
1.127611223000000000e+09
1.127613223000000000e+09
1.127619241000000000e+09
1.127621220000000000e+09
1.127625223000000000e+09
1.127627237000000000e+09
1.127641237000000000e+09
1.127647229000000000e+09
1.127649226000000000e+09
1.127653226000000000e+09
1.127663221000000000e+09
1.127677219000000000e+09
1.127685236000000000e+09
1.127703219000000000e+09
1.127709219000000000e+09
1.127721238000000000e+09
1.127727238000000000e+09
1.127733221000000000e+09
1.127737238000000000e+09
1.127745240000000000e+09
1.127747220000000000e+09
1.127753217000000000e+09
1.127755222000000000e+09
1.127757232000000000e+09
1.127759230000000000e+09
1.127763239000000000e+09
1.127769235000000000e+09
1.127771231000000000e+09
1.127779220000000000e+09
1.127781218000000000e+09
1.127789240000000000e+09
1.127797223000000000e+09
1.127799239000000000e+09
1.127805223000000000e+09
1.127809223000000000e+09
1.127813218000000000e+09
1.127815230000000000e+09
1.127817226000000000e+09
1.127823231000000000e+09
1.127825236000000000e+09
1.127833220000000000e+09
1.127835234000000000e+09
1.127857241000000000e+09
1.127863229000000000e+09
1.127869230000000000e+09
1.127883234000000000e+09
1.127889221000000000e+09
1.127895239000000000e+09
1.127903219000000000e+09
1.127905223000000000e+09
1.127915223000000000e+09
1.127919234000000000e+09
1.127921232000000000e+09
1.127925222000000000e+09
1.127929223000000000e+09
1.127931239000000000e+09
1.127933236000000000e+09
1.127937226000000000e+09
1.127943235000000000e+09
1.127945224000000000e+09
1.127947228000000000e+09
1.127949223000000000e+09
1.127953235000000000e+09
1.127967239000000000e+09
1.127971238000000000e+09
1.127973220000000000e+09
1.127985224000000000e+09
1.127987233000000000e+09
1.127993236000000000e+09
1.127997232000000000e+09
1.127999217000000000e+09
1.128001221000000000e+09
1.128003222000000000e+09
1.128007236000000000e+09
1.128009230000000000e+09
1.128013226000000000e+09
1.128015236000000000e+09
1.128017224000000000e+09
1.128021241000000000e+09
1.128027219000000000e+09
1.128029237000000000e+09
1.128035227000000000e+09
1.128037220000000000e+09
1.128049228000000000e+09
1.128057221000000000e+09
1.128073237000000000e+09
1.128077225000000000e+09
1.128109220000000000e+09
1.128117217000000000e+09
1.128119227000000000e+09
1.128135239000000000e+09
1.128137217000000000e+09
1.128149223000000000e+09
1.128171240000000000e+09
1.128173223000000000e+09
1.128175221000000000e+09
1.128177240000000000e+09
1.128181229000000000e+09
1.128183236000000000e+09
1.128187217000000000e+09
1.128193220000000000e+09
1.128195225000000000e+09
1.128197231000000000e+09
1.128211233000000000e+09
1.128213239000000000e+09
1.128221219000000000e+09
1.128223217000000000e+09
1.128229221000000000e+09
1.128235225000000000e+09
1.128241234000000000e+09
1.128247230000000000e+09
1.128251222000000000e+09
1.128253232000000000e+09
1.128261238000000000e+09
1.128263234000000000e+09
1.128273218000000000e+09
1.128275235000000000e+09
1.128279238000000000e+09
1.128289240000000000e+09
1.128291234000000000e+09
1.128295225000000000e+09
1.128297235000000000e+09
1.128299226000000000e+09
