1.126053231000000000e+09
1.126059225000000000e+09
1.126063239000000000e+09
1.126069220000000000e+09
1.126081219000000000e+09
1.126095224000000000e+09
1.126105236000000000e+09
1.126107238000000000e+09
1.126117238000000000e+09
1.126123234000000000e+09
1.126127233000000000e+09
1.126157232000000000e+09
1.126159226000000000e+09
1.126161233000000000e+09
1.126163217000000000e+09
1.126173226000000000e+09
1.126181231000000000e+09
1.126189230000000000e+09
1.126205235000000000e+09
1.126211241000000000e+09
1.126217230000000000e+09
1.126241218000000000e+09
1.126247219000000000e+09
1.126251226000000000e+09
1.126257230000000000e+09
1.126259228000000000e+09
1.126287237000000000e+09
1.126297223000000000e+09
1.126299230000000000e+09
1.126303228000000000e+09
1.126307222000000000e+09
1.126347227000000000e+09
1.126357231000000000e+09
1.126365221000000000e+09
1.126383238000000000e+09
1.126393240000000000e+09
1.126397238000000000e+09
1.126413223000000000e+09
1.126417219000000000e+09
1.126419233000000000e+09
1.126429237000000000e+09
1.126449219000000000e+09
1.126451235000000000e+09
1.126471238000000000e+09
1.126479224000000000e+09
1.126487223000000000e+09
1.126491237000000000e+09
1.126501228000000000e+09
1.126505241000000000e+09
1.126507237000000000e+09
1.126511228000000000e+09
1.126525223000000000e+09
1.126547237000000000e+09
1.126551222000000000e+09
1.126555221000000000e+09
1.126571232000000000e+09
1.126591227000000000e+09
1.126593236000000000e+09
1.126603219000000000e+09
1.126621220000000000e+09
1.126631218000000000e+09
1.126645220000000000e+09
1.126657225000000000e+09
1.126669219000000000e+09
1.126673217000000000e+09
1.126685233000000000e+09
1.126689224000000000e+09
1.126701232000000000e+09
1.126719220000000000e+09
1.126737219000000000e+09
1.126747220000000000e+09
1.126765234000000000e+09
1.126777237000000000e+09
1.126791235000000000e+09
1.126837223000000000e+09
1.126853240000000000e+09
1.126879231000000000e+09
1.126893227000000000e+09
1.126921220000000000e+09
1.126927219000000000e+09
1.126931239000000000e+09
1.126933224000000000e+09
1.126941233000000000e+09
1.126943217000000000e+09
1.126945233000000000e+09
1.126957225000000000e+09
1.126977227000000000e+09
1.126995220000000000e+09
1.127005228000000000e+09
1.127011229000000000e+09
1.127019223000000000e+09
1.127021225000000000e+09
1.127027241000000000e+09
1.127047238000000000e+09
1.127049224000000000e+09
1.127051218000000000e+09
1.127061240000000000e+09
1.127063230000000000e+09
1.127069229000000000e+09
1.127073220000000000e+09
1.127083238000000000e+09
1.127089231000000000e+09
1.127093223000000000e+09
1.127105227000000000e+09
1.127113234000000000e+09
1.127121228000000000e+09
1.127125229000000000e+09
1.127141221000000000e+09
1.127143234000000000e+09
1.127155233000000000e+09
1.127169221000000000e+09
1.127175236000000000e+09
1.127185232000000000e+09
1.127191237000000000e+09
1.127215221000000000e+09
1.127223224000000000e+09
1.127229239000000000e+09
1.127247235000000000e+09
1.127257223000000000e+09
1.127267232000000000e+09
1.127275241000000000e+09
1.127277229000000000e+09
1.127293229000000000e+09
1.127297237000000000e+09
1.127319237000000000e+09
1.127329224000000000e+09
1.127331227000000000e+09
1.127335221000000000e+09
1.127341217000000000e+09
1.127365240000000000e+09
1.127371224000000000e+09
1.127373227000000000e+09
1.127375222000000000e+09
1.127391236000000000e+09
1.127419241000000000e+09
1.127423218000000000e+09
1.127445239000000000e+09
1.127455224000000000e+09
1.127457221000000000e+09
1.127481221000000000e+09
1.127513221000000000e+09
1.127519225000000000e+09
1.127551230000000000e+09
1.127573239000000000e+09
1.127577237000000000e+09
1.127579226000000000e+09
1.127583225000000000e+09
1.127589239000000000e+09
1.127607218000000000e+09
1.127631227000000000e+09
1.127655232000000000e+09
1.127665223000000000e+09
1.127671240000000000e+09
1.127679223000000000e+09
1.127683229000000000e+09
1.127729240000000000e+09
1.127735227000000000e+09
1.127739218000000000e+09
1.127741217000000000e+09
1.127743234000000000e+09
1.127749219000000000e+09
1.127775230000000000e+09
1.127777227000000000e+09
1.127795222000000000e+09
1.127803227000000000e+09
1.127819227000000000e+09
1.127827220000000000e+09
1.127831229000000000e+09
1.127839224000000000e+09
1.127847241000000000e+09
1.127849233000000000e+09
1.127859230000000000e+09
1.127873217000000000e+09
1.127879218000000000e+09
1.127891238000000000e+09
1.127899230000000000e+09
1.127907221000000000e+09
1.127909237000000000e+09
1.127923241000000000e+09
1.127935241000000000e+09
1.127941241000000000e+09
1.127965225000000000e+09
1.128005223000000000e+09
1.128019225000000000e+09
1.128033232000000000e+09
1.128055230000000000e+09
1.128059240000000000e+09
1.128061221000000000e+09
1.128063238000000000e+09
1.128071222000000000e+09
1.128081234000000000e+09
1.128087218000000000e+09
1.128091221000000000e+09
1.128093234000000000e+09
1.128103231000000000e+09
1.128107231000000000e+09
1.128113228000000000e+09
1.128115230000000000e+09
1.128121222000000000e+09
1.128125237000000000e+09
1.128127230000000000e+09
1.128133222000000000e+09
1.128147238000000000e+09
1.128153219000000000e+09
1.128163240000000000e+09
1.128167217000000000e+09
1.128203237000000000e+09
1.128217219000000000e+09
1.128219233000000000e+09
1.128227223000000000e+09
1.128233229000000000e+09
1.128237237000000000e+09
1.128243223000000000e+09
1.128257224000000000e+09
1.128265235000000000e+09
1.128277234000000000e+09
1.128281238000000000e+09
1.128287227000000000e+09
