1.126051222000000000e+09
1.126055225000000000e+09
1.126061226000000000e+09
1.126065217000000000e+09
1.126071228000000000e+09
1.126077221000000000e+09
1.126079225000000000e+09
1.126087227000000000e+09
1.126089220000000000e+09
1.126093237000000000e+09
1.126099221000000000e+09
1.126103233000000000e+09
1.126111231000000000e+09
1.126115234000000000e+09
1.126119230000000000e+09
1.126125231000000000e+09
1.126133232000000000e+09
1.126135234000000000e+09
1.126139239000000000e+09
1.126141225000000000e+09
1.126145235000000000e+09
1.126147219000000000e+09
1.126153223000000000e+09
1.126169236000000000e+09
1.126175225000000000e+09
1.126183234000000000e+09
1.126191225000000000e+09
1.126195219000000000e+09
1.126199226000000000e+09
1.126201234000000000e+09
1.126215221000000000e+09
1.126219234000000000e+09
1.126223237000000000e+09
1.126227238000000000e+09
1.126229220000000000e+09
1.126231220000000000e+09
1.126233229000000000e+09
1.126237231000000000e+09
1.126243238000000000e+09
1.126245222000000000e+09
1.126249239000000000e+09
1.126253226000000000e+09
1.126255232000000000e+09
1.126261230000000000e+09
1.126263232000000000e+09
1.126265219000000000e+09
1.126269235000000000e+09
1.126271225000000000e+09
1.126275240000000000e+09
1.126277237000000000e+09
1.126281228000000000e+09
1.126283240000000000e+09
1.126285237000000000e+09
1.126301235000000000e+09
1.126305226000000000e+09
1.126309228000000000e+09
1.126311236000000000e+09
1.126315236000000000e+09
1.126319223000000000e+09
1.126325221000000000e+09
1.126327240000000000e+09
1.126333231000000000e+09
1.126335234000000000e+09
1.126339227000000000e+09
1.126341223000000000e+09
1.126345235000000000e+09
1.126349217000000000e+09
1.126351226000000000e+09
1.126353238000000000e+09
1.126359231000000000e+09
1.126367223000000000e+09
1.126371239000000000e+09
1.126373236000000000e+09
1.126375233000000000e+09
1.126377240000000000e+09
1.126381218000000000e+09
1.126385241000000000e+09
1.126391226000000000e+09
1.126395240000000000e+09
1.126399223000000000e+09
1.126401233000000000e+09
1.126403233000000000e+09
1.126405229000000000e+09
1.126409236000000000e+09
1.126411229000000000e+09
1.126415238000000000e+09
1.126421227000000000e+09
1.126423219000000000e+09
1.126425235000000000e+09
1.126427239000000000e+09
1.126433227000000000e+09
1.126435228000000000e+09
1.126437220000000000e+09
1.126443238000000000e+09
1.126453236000000000e+09
1.126455236000000000e+09
1.126457239000000000e+09
1.126459241000000000e+09
1.126461224000000000e+09
1.126463241000000000e+09
1.126473238000000000e+09
1.126475217000000000e+09
1.126477217000000000e+09
1.126483227000000000e+09
1.126493225000000000e+09
1.126495223000000000e+09
1.126513217000000000e+09
1.126515227000000000e+09
1.126517227000000000e+09
1.126521232000000000e+09
1.126531226000000000e+09
1.126535230000000000e+09
1.126539217000000000e+09
1.126549217000000000e+09
1.126553218000000000e+09
1.126557225000000000e+09
1.126561227000000000e+09
1.126563240000000000e+09
1.126575218000000000e+09
1.126581222000000000e+09
1.126585231000000000e+09
1.126595217000000000e+09
1.126597238000000000e+09
1.126599231000000000e+09
1.126605236000000000e+09
1.126607241000000000e+09
1.126613231000000000e+09
1.126615220000000000e+09
1.126627237000000000e+09
1.126643236000000000e+09
1.126649228000000000e+09
1.126651237000000000e+09
1.126655220000000000e+09
1.126663221000000000e+09
1.126665239000000000e+09
1.126671229000000000e+09
1.126677235000000000e+09
1.126679236000000000e+09
1.126683220000000000e+09
1.126691220000000000e+09
1.126695225000000000e+09
1.126697218000000000e+09
1.126703231000000000e+09
1.126707231000000000e+09
1.126709232000000000e+09
1.126711235000000000e+09
1.126713233000000000e+09
1.126715240000000000e+09
1.126717222000000000e+09
1.126721227000000000e+09
1.126723231000000000e+09
1.126727241000000000e+09
1.126729235000000000e+09
1.126731238000000000e+09
1.126733235000000000e+09
1.126735233000000000e+09
1.126741219000000000e+09
1.126743226000000000e+09
1.126745235000000000e+09
1.126759218000000000e+09
1.126761230000000000e+09
1.126763239000000000e+09
1.126767217000000000e+09
1.126773230000000000e+09
1.126775234000000000e+09
1.126779235000000000e+09
1.126781223000000000e+09
1.126783238000000000e+09
1.126785234000000000e+09
1.126787230000000000e+09
1.126795219000000000e+09
1.126805221000000000e+09
1.126807241000000000e+09
1.126817234000000000e+09
1.126819234000000000e+09
1.126821233000000000e+09
1.126823233000000000e+09
1.126829225000000000e+09
1.126831238000000000e+09
1.126847222000000000e+09
1.126851239000000000e+09
1.126857241000000000e+09
1.126859238000000000e+09
1.126865224000000000e+09
1.126869228000000000e+09
1.126871228000000000e+09
1.126875232000000000e+09
1.126877229000000000e+09
1.126881241000000000e+09
1.126883219000000000e+09
1.126885230000000000e+09
1.126889236000000000e+09
1.126895227000000000e+09
1.126897222000000000e+09
1.126899227000000000e+09
1.126903230000000000e+09
1.126905233000000000e+09
1.126913237000000000e+09
1.126915235000000000e+09
1.126923234000000000e+09
1.126925239000000000e+09
1.126947237000000000e+09
1.126949219000000000e+09
1.126955240000000000e+09
1.126961239000000000e+09
1.126963231000000000e+09
1.126965221000000000e+09
1.126967238000000000e+09
1.126971232000000000e+09
1.126975219000000000e+09
1.126979236000000000e+09
1.126981223000000000e+09
1.126983236000000000e+09
1.126985234000000000e+09
1.126987217000000000e+09
1.126989238000000000e+09
1.126993230000000000e+09
1.126997234000000000e+09
1.127001239000000000e+09
1.127003221000000000e+09
1.127007234000000000e+09
1.127009220000000000e+09
1.127013226000000000e+09
1.127017240000000000e+09
1.127023228000000000e+09
1.127025227000000000e+09
1.127029218000000000e+09
1.127035232000000000e+09
1.127037219000000000e+09
1.127043241000000000e+09
1.127045217000000000e+09
1.127053236000000000e+09
1.127059241000000000e+09
1.127071218000000000e+09
1.127077241000000000e+09
1.127079230000000000e+09
1.127081233000000000e+09
1.127085235000000000e+09
1.127087236000000000e+09
1.127091236000000000e+09
1.127097219000000000e+09
1.127099221000000000e+09
1.127109239000000000e+09
1.127111220000000000e+09
1.127115239000000000e+09
1.127117238000000000e+09
1.127119217000000000e+09
1.127127219000000000e+09
1.127129237000000000e+09
1.127131223000000000e+09
1.127145230000000000e+09
1.127147232000000000e+09
1.127151238000000000e+09
1.127157239000000000e+09
1.127161225000000000e+09
1.127163218000000000e+09
1.127165230000000000e+09
1.127187219000000000e+09
1.127189239000000000e+09
1.127193235000000000e+09
1.127197229000000000e+09
1.127199225000000000e+09
1.127201234000000000e+09
1.127205228000000000e+09
1.127207235000000000e+09
1.127211230000000000e+09
1.127213237000000000e+09
1.127217232000000000e+09
1.127219224000000000e+09
1.127225231000000000e+09
1.127231226000000000e+09
1.127233219000000000e+09
1.127237239000000000e+09
1.127239224000000000e+09
1.127243236000000000e+09
1.127245225000000000e+09
1.127249217000000000e+09
1.127251219000000000e+09
1.127255225000000000e+09
1.127259238000000000e+09
1.127261224000000000e+09
1.127263222000000000e+09
1.127265233000000000e+09
1.127269240000000000e+09
1.127273233000000000e+09
1.127279217000000000e+09
1.127285237000000000e+09
1.127287223000000000e+09
1.127291234000000000e+09
1.127299219000000000e+09
1.127303223000000000e+09
1.127305229000000000e+09
1.127309234000000000e+09
1.127311231000000000e+09
1.127313230000000000e+09
1.127315223000000000e+09
1.127317228000000000e+09
1.127321233000000000e+09
1.127323227000000000e+09
1.127339232000000000e+09
1.127343223000000000e+09
1.127357238000000000e+09
1.127359217000000000e+09
1.127361226000000000e+09
1.127379241000000000e+09
1.127381231000000000e+09
1.127395226000000000e+09
1.127397221000000000e+09
1.127399234000000000e+09
1.127405235000000000e+09
1.127407228000000000e+09
1.127409227000000000e+09
1.127415230000000000e+09
1.127417240000000000e+09
1.127421240000000000e+09
1.127437230000000000e+09
1.127439229000000000e+09
1.127441224000000000e+09
1.127443221000000000e+09
1.127449228000000000e+09
1.127453224000000000e+09
1.127461228000000000e+09
1.127467225000000000e+09
1.127473228000000000e+09
1.127475230000000000e+09
1.127477239000000000e+09
1.127479230000000000e+09
1.127483234000000000e+09
1.127487237000000000e+09
1.127489230000000000e+09
1.127493226000000000e+09
1.127495239000000000e+09
1.127497227000000000e+09
1.127501226000000000e+09
1.127503228000000000e+09
1.127505235000000000e+09
1.127507222000000000e+09
1.127509234000000000e+09
1.127525232000000000e+09
1.127527225000000000e+09
1.127529235000000000e+09
1.127533221000000000e+09
1.127535234000000000e+09
1.127537234000000000e+09
1.127543224000000000e+09
1.127545241000000000e+09
1.127547230000000000e+09
1.127553224000000000e+09
1.127557233000000000e+09
1.127561224000000000e+09
1.127565217000000000e+09
1.127571225000000000e+09
1.127581233000000000e+09
1.127585233000000000e+09
1.127587233000000000e+09
1.127601230000000000e+09
1.127603239000000000e+09
1.127605217000000000e+09
1.127609239000000000e+09
1.127615229000000000e+09
1.127617238000000000e+09
1.127623238000000000e+09
1.127629228000000000e+09
1.127633241000000000e+09
1.127635240000000000e+09
1.127637234000000000e+09
1.127639217000000000e+09
1.127643223000000000e+09
1.127645230000000000e+09
1.127651239000000000e+09
1.127657222000000000e+09
1.127659229000000000e+09
1.127661226000000000e+09
1.127667230000000000e+09
1.127669237000000000e+09
1.127673228000000000e+09
1.127675223000000000e+09
1.127681220000000000e+09
1.127687226000000000e+09
1.127689225000000000e+09
1.127691217000000000e+09
1.127693234000000000e+09
1.127695227000000000e+09
1.127697221000000000e+09
1.127699235000000000e+09
1.127701223000000000e+09
1.127705234000000000e+09
1.127707240000000000e+09
1.127711230000000000e+09
1.127713222000000000e+09
1.127715241000000000e+09
1.127717219000000000e+09
1.127719241000000000e+09
1.127723231000000000e+09
1.127725224000000000e+09
1.127731219000000000e+09
1.127751221000000000e+09
1.127761218000000000e+09
1.127765218000000000e+09
1.127767220000000000e+09
1.127773233000000000e+09
1.127783237000000000e+09
1.127785232000000000e+09
1.127787230000000000e+09
1.127791226000000000e+09
1.127793223000000000e+09
1.127801217000000000e+09
1.127807224000000000e+09
1.127811239000000000e+09
1.127821232000000000e+09
1.127829232000000000e+09
1.127837225000000000e+09
1.127841237000000000e+09
1.127843222000000000e+09
1.127845223000000000e+09
1.127851240000000000e+09
1.127853234000000000e+09
1.127855239000000000e+09
1.127861239000000000e+09
1.127865222000000000e+09
1.127867241000000000e+09
1.127871223000000000e+09
1.127875218000000000e+09
1.127877225000000000e+09
1.127881220000000000e+09
1.127885234000000000e+09
1.127887240000000000e+09
1.127893236000000000e+09
1.127897239000000000e+09
1.127901218000000000e+09
1.127911225000000000e+09
1.127913218000000000e+09
1.127917240000000000e+09
1.127927237000000000e+09
1.127939241000000000e+09
1.127951222000000000e+09
1.127955240000000000e+09
1.127957223000000000e+09
1.127959240000000000e+09
1.127961229000000000e+09
1.127963232000000000e+09
1.127969240000000000e+09
1.127975231000000000e+09
1.127977230000000000e+09
1.127979225000000000e+09
1.127981223000000000e+09
1.127983229000000000e+09
1.127989232000000000e+09
1.127991236000000000e+09
1.127995236000000000e+09
1.128011234000000000e+09
1.128023222000000000e+09
1.128025235000000000e+09
1.128031229000000000e+09
1.128039221000000000e+09
1.128041236000000000e+09
1.128043238000000000e+09
1.128045219000000000e+09
1.128047227000000000e+09
1.128051231000000000e+09
1.128053228000000000e+09
1.128065224000000000e+09
1.128067231000000000e+09
1.128069217000000000e+09
1.128075229000000000e+09
1.128079240000000000e+09
1.128083224000000000e+09
1.128085231000000000e+09
1.128089236000000000e+09
1.128095234000000000e+09
1.128097240000000000e+09
1.128099236000000000e+09
1.128101238000000000e+09
1.128105241000000000e+09
1.128111235000000000e+09
1.128123233000000000e+09
1.128129236000000000e+09
1.128131233000000000e+09
1.128139235000000000e+09
1.128141232000000000e+09
1.128143229000000000e+09
1.128145227000000000e+09
1.128151239000000000e+09
1.128155230000000000e+09
1.128157220000000000e+09
1.128159230000000000e+09
1.128161223000000000e+09
1.128165238000000000e+09
1.128169241000000000e+09
1.128179226000000000e+09
1.128185228000000000e+09
1.128189232000000000e+09
1.128191229000000000e+09
1.128199239000000000e+09
1.128201235000000000e+09
1.128205238000000000e+09
1.128207239000000000e+09
1.128209240000000000e+09
1.128215217000000000e+09
1.128225230000000000e+09
1.128231232000000000e+09
1.128239220000000000e+09
1.128245236000000000e+09
1.128249227000000000e+09
1.128255225000000000e+09
1.128259229000000000e+09
1.128267217000000000e+09
1.128269227000000000e+09
1.128271220000000000e+09
1.128283232000000000e+09
1.128285219000000000e+09
1.128293226000000000e+09
