H_eff5 H_eff8 a_1 a_2 chi_1 chi_2 chirp_mass dec geocent_time lambda_1 lambda_2 luminosity_distance mass_1 mass_2 mass_ratio phase phi_12 phi_jl psi ra theta_jn tilt_1 tilt_2
0.0 0.0 0.11340010166168213 0.4621985852718353 -0.1134001 -0.4621986 3.2354605 0.7436306 0.0 0.0 0.0 117.3727 4.19273 3.303826 0.78798926 1.699313 0.0 3.141592653589793 3.485677 1.6583182369608451 0.6940988 3.141592653589793 3.141592653589793
0.0 0.0 0.4873634874820709 0.5123475193977356 0.4873635 0.5123475 4.058008 0.5822855 0.0 0.0 0.0 118.5834 4.85317 4.478703 0.9228408 2.708348 0.0 3.141592653589793 0.6352183 5.921527982273545 1.605204 0.0 0.0
0.0 0.0 0.7218645215034485 0.25874510407447815 -0.7218645 -0.2587451 3.4382234 0.00164187 0.0 0.0 0.0 188.4083 4.285855 3.644291 0.8503067 0.3349948 0.0 0.0 3.672152 1.479580095455681 1.85496 3.141592653589793 3.141592653589793
0.0 0.0 0.47859489917755127 0.40968748927116394 0.4785949 0.4096875 3.2479012 0.8826835 0.0 0.0 0.0 243.4033 3.964827 3.513263 0.8861075 3.752862 0.0 -0.0 3.406777 4.5145224423571975 0.8689131 0.0 0.0
0.0 0.0 0.3558005094528198 0.5998870730400085 0.3558005 -0.5998871 3.8169525 -1.032683 0.0 0.0 0.0 230.3086 4.961967 3.88585 0.78312695 1.54353 0.0 0.0 3.909819 4.085038606800886 2.444872 0.0 3.141592653589793
0.0 0.0 0.633843719959259 0.12548929452896118 -0.6338437 -0.1254893 3.372815 -0.5591339 0.0 0.0 0.0 230.6245 4.052248 3.705736 0.9144889 1.137375 0.0 0.0 0.2236355 0.17217513742814106 2.398368 3.141592653589793 3.141592653589793
0.0 0.0 0.5430585145950317 0.43409648537635803 0.5430585 -0.4340965 3.6759427 0.1598622 0.0 0.0 0.0 149.905 4.545301 3.926908 0.86394894 1.618821 0.0 3.141592653589793 0.2882819 4.001592980955543 2.230417 0.0 3.141592653589793
0.0 0.0 0.45856231451034546 0.4630812108516693 -0.4585623 -0.4630812 4.1243825 -0.7159051 0.0 0.0 0.0 181.0957 4.908265 4.574142 0.9319264 4.605783 0.0 -0.0 1.073458 1.7240278484388654 1.641492 3.141592653589793 3.141592653589793
0.0 0.0 0.06250456720590591 0.40053460001945496 -0.06250457 0.4005346 3.623701 -1.18029 0.0 0.0 0.0 187.0345 4.773469 3.643039 0.7631848 5.791844 0.0 0.0 5.266244 4.449228820212234 2.281075 3.141592653589793 0.0
0.0 0.0 0.23226860165596008 0.5142732858657837 0.2322686 -0.5142733 3.3388255 -0.02547885 0.0 0.0 0.0 138.5219 4.817769 3.083488 0.640024 4.507549 0.0 -0.0 2.710783 3.638000664835495 1.588297 0.0 3.141592653589793
0.0 0.0 0.16371209919452667 0.03973466902971268 0.1637121 -0.03973467 3.5026195 0.07871397 0.0 0.0 0.0 182.6214 4.160216 3.89205 0.9355404 2.340946 0.0 3.141592653589793 3.784508 1.1497444566195298 0.9976995 0.0 3.141592653589793
0.0 0.0 0.2818160951137543 0.6755111217498779 0.2818161 -0.6755111 3.2479463 -0.9485228 0.0 0.0 0.0 135.7548 4.466022 3.13623 0.7022424 3.672404 0.0 -0.0 5.499253 1.0049512696424898 1.362793 0.0 3.141592653589793
0.0 0.0 0.5072340965270996 0.08244834095239639 0.5072341 -0.08244834 3.3374639 0.2024777 0.0 0.0 0.0 144.8011 4.0012 3.674618 0.91837895 2.859581 0.0 3.141592653589793 5.584727 3.755640273826586 0.5374093 0.0 3.141592653589793
0.0 0.0 0.1714920997619629 0.28171101212501526 -0.1714921 0.281711 3.3856947 -0.1978176 0.0 0.0 0.0 246.2514 4.398268 3.449101 0.78419524 1.849444 0.0 3.141592653589793 2.826034 2.2325308350556696 1.371588 3.141592653589793 0.0
0.0 0.0 0.0022581329103559256 0.12206509709358215 0.002258133 -0.1220651 4.063707 -0.4954704 0.0 0.0 0.0 185.5609 4.841584 4.501779 0.9298153 6.19452 0.0 0.0 5.862212 4.186636536003945 2.839684 0.0 3.141592653589793
0.0 0.0 0.5360153913497925 0.6463459730148315 -0.5360154 -0.646346 3.392985 -0.9367692 0.0 0.0 0.0 135.2023 3.98301 3.814215 0.9576212 0.8281917 0.0 0.0 4.255841 2.0189123442543604 0.8702999 3.141592653589793 3.141592653589793
0.0 0.0 0.3343510031700134 0.5610712170600891 0.334351 0.5610712 3.3851032 -0.6911659 0.0 0.0 0.0 169.2202 4.35309 3.482076 0.79990906 0.104829 0.0 0.0 2.568865 2.9587302076253508 1.350192 0.0 0.0
0.0 0.0 0.2846406102180481 0.592962384223938 -0.2846406 0.5929624 3.7609742 0.2400029 0.0 0.0 0.0 162.5426 4.439938 4.204363 0.9469418 2.476537 0.0 3.141592653589793 4.697592 4.234273588023072 1.60315 3.141592653589793 0.0
0.0 0.0 0.32016828656196594 0.7464486956596375 0.3201683 -0.7464487 3.3084185 1.494609 0.0 0.0 0.0 196.7553 4.068898 3.552836 0.87316906 3.941669 0.0 -0.0 0.9010064 0.7878755951577645 1.734837 0.0 3.141592653589793
0.0 0.0 0.0712643414735794 0.6508687138557434 0.07126434 -0.6508687 3.201518 -0.6859515 0.0 0.0 0.0 245.8922 4.916901 2.79432 0.5683092 0.2123333 0.0 0.0 1.791078 0.45885680280198216 0.3241868 0.0 3.141592653589793
0.0 0.0 0.47625258564949036 0.3723522126674652 0.4762526 0.3723522 3.8574073 0.7542931 0.0 0.0 0.0 224.4931 4.570944 4.29616 0.9398847 0.6545596 0.0 0.0 0.1257521 5.311689935566548 1.326143 0.0 0.0
0.0 0.0 0.24229350686073303 0.706641674041748 0.2422935 -0.7066417 3.1941361 -0.07133118 0.0 0.0 0.0 144.5435 3.799187 3.544319 0.9329151 1.681499 0.0 3.141592653589793 1.862661 2.3868924386378225 0.7337465 0.0 3.141592653589793
0.0 0.0 0.6459429264068604 0.13968859612941742 -0.6459429 -0.1396886 3.3739507 -0.9170378 0.0 0.0 0.0 209.8307 4.025515 3.732433 0.92719394 0.2233966 0.0 0.0 1.596351 0.0032742973461594715 1.548469 3.141592653589793 3.141592653589793
0.0 0.0 0.6270356178283691 0.43450531363487244 -0.6270356 -0.4345053 3.6632924 -0.2490006 0.0 0.0 0.0 122.274 4.593929 3.860355 0.84031665 4.777775 0.0 0.0 0.4533023 0.7808706524564499 1.412213 3.141592653589793 3.141592653589793
0.0 0.0 0.04826359078288078 0.715722918510437 -0.04826359 -0.7157229 3.2038856 -0.9668074 0.0 0.0 0.0 248.2193 4.624797 2.957848 0.6395628 5.143898 0.0 0.0 0.4469419 5.930040087016913 1.505795 3.141592653589793 3.141592653589793
0.0 0.0 0.48632970452308655 0.37549149990081787 0.4863297 -0.3754915 3.9580698 -0.2286808 0.0 0.0 0.0 128.233 4.92233 4.204812 0.8542321 0.6806916 0.0 0.0 4.056969 2.1646294985011068 1.24443 0.0 3.141592653589793
0.0 0.0 0.5589786767959595 0.32714539766311646 0.5589787 -0.3271454 3.706433 0.09727182 0.0 0.0 0.0 179.9446 4.553607 3.984334 0.87498415 5.182658 0.0 0.0 0.5142098 2.3990721166716185 0.4352037 0.0 3.141592653589793
0.0 0.0 0.25595369935035706 0.1291200965642929 -0.2559537 0.1291201 3.3168354 -1.406153 0.0 0.0 0.0 203.9726 4.960432 2.965026 0.5977354 0.8012279 0.0 0.0 3.99293 0.48578951267120374 1.053907 3.141592653589793 0.0
0.0 0.0 0.2684149146080017 0.5713332891464233 0.2684149 -0.5713333 3.7734272 0.6789014 0.0 0.0 0.0 197.8445 4.860827 3.875133 0.79721683 2.738263 0.0 3.141592653589793 2.039676 0.5800833427289263 3.130355 0.0 3.141592653589793
0.0 0.0 0.7358183860778809 0.6393923759460449 0.7358184 -0.6393924 3.5553987 1.290426 0.0 0.0 0.0 133.004 4.779339 3.506666 0.7337136 2.989536 0.0 3.141592653589793 5.2619 0.12939720290307832 1.637981 0.0 3.141592653589793
0.0 0.0 0.25228220224380493 0.2723253071308136 -0.2522822 -0.2723253 3.3778174 0.0615997 0.0 0.0 0.0 214.2507 4.250537 3.547717 0.8346515 2.366938 0.0 3.141592653589793 1.037107 5.696488590100579 0.9419363 3.141592653589793 3.141592653589793
0.0 0.0 0.36647000908851624 0.17175740003585815 -0.36647 0.1717574 3.2902648 -0.02137687 0.0 0.0 0.0 220.2326 4.124401 3.46867 0.84101176 3.816745 0.0 -0.0 5.092121 0.7587145055673545 0.9567568 3.141592653589793 0.0
0.0 0.0 0.39458519220352173 0.7235348224639893 0.3945852 0.7235348 3.3154836 0.299964 0.0 0.0 0.0 248.1423 3.813428 3.80356 0.9974123 5.301765 0.0 0.0 3.253531 4.060574566037417 1.035031 0.0 0.0
0.0 0.0 0.06394557654857635 0.24923700094223022 -0.06394558 -0.249237 3.692891 0.005329157 0.0 0.0 0.0 212.8126 4.406774 4.084597 0.92689055 5.239644 0.0 0.0 6.159222 2.8308395542204607 2.849263 3.141592653589793 3.141592653589793
0.0 0.0 0.06931270658969879 0.2951095998287201 0.06931271 -0.2951096 3.6191978 -1.298108 0.0 0.0 0.0 203.9526 4.157969 4.156764 0.9997102 6.063168 0.0 0.0 3.30037 3.3707015597159184 2.903177 0.0 3.141592653589793
0.0 0.0 0.22821049392223358 0.4978402853012085 0.2282105 0.4978403 3.9127553 -0.5004598 0.0 0.0 0.0 243.9475 4.550896 4.439089 0.9754318 3.542319 0.0 -0.0 0.3045192 4.356853772036288 2.044616 0.0 0.0
0.0 0.0 0.5054321885108948 0.5621098875999451 -0.5054322 0.5621099 3.501636 -0.1342228 0.0 0.0 0.0 236.817 4.236968 3.820595 0.9017286 2.568458 0.0 3.141592653589793 5.281957 1.1846840698256997 2.198422 3.141592653589793 0.0
0.0 0.0 0.16681210696697235 0.12199670076370239 0.1668121 0.1219967 3.2194343 -0.2224644 0.0 0.0 0.0 236.1931 4.651834 2.969516 0.6383538 1.997343 0.0 3.141592653589793 1.96305 2.3343247037686083 1.265593 0.0 0.0
0.0 0.0 0.1787288933992386 0.3886569142341614 -0.1787289 0.3886569 3.445011 -1.094448 0.0 0.0 0.0 67.7545 4.609934 3.412368 0.7402206 0.2798055 0.0 0.0 3.147382 4.732590450365343 1.142397 3.141592653589793 0.0
0.0 0.0 0.22635239362716675 0.3011380136013031 -0.2263524 0.301138 3.1782978 0.3241555 0.0 0.0 0.0 182.0824 4.895807 2.766663 0.5651087 4.442714 0.0 -0.0 4.484027 0.25116754042242206 2.590314 3.141592653589793 0.0
0.0 0.0 0.5661197900772095 0.34240278601646423 -0.5661198 0.3424028 3.6389415 -0.467203 0.0 0.0 0.0 173.8269 4.689924 3.735242 0.79643977 3.731454 0.0 -0.0 2.302222 1.5199080714067819 0.4025194 3.141592653589793 0.0
0.0 0.0 0.7032787799835205 0.4544506072998047 0.7032788 -0.4544506 3.666745 -0.1759147 0.0 0.0 0.0 184.4516 4.419751 4.015826 0.9086091 5.802216 0.0 0.0 3.048317 1.9973659886148667 0.9546838 0.0 3.141592653589793
0.0 0.0 0.5796679854393005 0.561874508857727 0.579668 0.5618745 3.4579308 0.3828405 0.0 0.0 0.0 144.7202 4.938096 3.224055 0.6528944 3.691992 0.0 -0.0 3.465218 0.1339265546731241 1.825503 0.0 0.0
0.0 0.0 0.3141101896762848 0.5445516109466553 0.3141102 0.5445516 3.3993099 0.0611271 0.0 0.0 0.0 192.9341 4.629169 3.312171 0.7155001 1.356233 0.0 0.0 0.2606431 5.028630650353399 0.3069326 0.0 0.0
0.0 0.0 0.000739626819267869 0.10230830311775208 -0.0007396268 0.1023083 3.7393298 -0.4390579 0.0 0.0 0.0 109.4698 4.553313 4.054748 0.8905051 3.096158 0.0 3.141592653589793 0.4337663 5.850724043439506 1.278065 3.141592653589793 0.0
0.0 0.0 0.6870288848876953 0.3040092885494232 0.6870289 0.3040093 3.3066192 0.4225305 0.0 0.0 0.0 186.9388 4.623548 3.143529 0.6798954 2.96956 0.0 3.141592653589793 4.863256 4.732917731597219 2.121356 0.0 0.0
0.0 0.0 0.554111123085022 0.19334650039672852 0.5541111 -0.1933465 3.5350113 -0.3566436 0.0 0.0 0.0 233.6635 4.133773 3.989096 0.9650012 1.506472 0.0 0.0 5.685225 5.951161429386367 2.020333 0.0 3.141592653589793
0.0 0.0 0.5208138823509216 0.6575047969818115 -0.5208139 0.6575048 3.6164262 0.003998052 0.0 0.0 0.0 117.9886 4.308883 4.006099 0.9297303 0.611404 0.0 0.0 3.388865 2.2458398484769333 2.437363 3.141592653589793 0.0
0.0 0.0 0.4329245090484619 0.328779399394989 0.4329245 0.3287794 3.3280413 0.5624846 0.0 0.0 0.0 203.25 3.840048 3.805874 0.99110067 3.811661 0.0 -0.0 0.1161845 0.7530996044689147 3.11105 0.0 0.0
0.0 0.0 0.4623430073261261 0.4916175901889801 0.462343 0.4916176 3.2885716 -0.09293835 0.0 0.0 0.0 219.4354 4.733603 3.043927 0.6430465 5.011615 0.0 0.0 3.331684 1.661445208405965 2.605697 0.0 0.0
0.0 0.0 0.3659099042415619 0.014521829783916473 0.3659099 0.01452183 3.6131032 -0.3626061 0.0 0.0 0.0 230.2664 4.246395 4.05693 0.95538217 3.413684 0.0 -0.0 5.008647 3.24791553733219 1.013125 0.0 0.0
0.0 0.0 0.2097253054380417 0.23801720142364502 -0.2097253 -0.2380172 3.1759477 0.469221 0.0 0.0 0.0 199.0672 4.427713 3.027596 0.6837833 1.998382 0.0 3.141592653589793 3.089629 3.97550009737013 0.8107129 3.141592653589793 3.141592653589793
0.0 0.0 0.06029793992638588 0.02299566939473152 0.06029794 0.02299567 3.774183 1.310987 0.0 0.0 0.0 65.17249 4.652231 4.044104 0.8692827 5.389153 0.0 0.0 4.731534 2.574115227944098 1.923916 0.0 0.0
0.0 0.0 0.5975785255432129 0.4457379877567291 0.5975785 -0.445738 3.7697153 0.3702555 0.0 0.0 0.0 121.9362 4.94981 3.801449 0.767999 5.337243 0.0 0.0 0.3146699 2.1601591163706004 1.125155 0.0 3.141592653589793
0.0 0.0 0.6205193996429443 0.361295610666275 -0.6205194 0.3612956 3.7921584 0.06392863 0.0 0.0 0.0 153.5909 4.925717 3.863609 0.78437495 3.105586 0.0 3.141592653589793 1.312477 3.6513408633791897 2.396454 3.141592653589793 0.0
0.0 0.0 0.7289143204689026 0.1339098960161209 0.7289143 -0.1339099 3.6593673 -1.220859 0.0 0.0 0.0 198.809 4.550941 3.88742 0.8542014 5.221537 0.0 0.0 0.3621842 4.65039212150721 1.705555 0.0 3.141592653589793
0.0 0.0 0.25172939896583557 0.4307740032672882 0.2517294 -0.430774 4.2203617 -0.5248823 0.0 0.0 0.0 237.8475 4.907542 4.789169 0.9758793 4.503289 0.0 -0.0 0.07906781 0.9333000350523477 2.244021 0.0 3.141592653589793
0.0 0.0 0.6054484844207764 0.7071753740310669 -0.6054485 -0.7071754 3.5327678 0.5688425 0.0 0.0 0.0 188.0626 4.519656 3.651924 0.8080092 1.339278 0.0 0.0 5.338911 1.1487476267428107 1.571144 3.141592653589793 3.141592653589793
0.0 0.0 0.1723403036594391 0.3045214116573334 -0.1723403 -0.3045214 3.3214486 -0.5983497 0.0 0.0 0.0 142.2297 4.51427 3.242257 0.71822405 1.556074 0.0 0.0 5.268703 1.3480529370934207 0.2111253 3.141592653589793 3.141592653589793
0.0 0.0 0.1538027971982956 0.3149346113204956 -0.1538028 0.3149346 4.188775 1.040401 0.0 0.0 0.0 199.1119 4.813692 4.809586 0.999147 4.912495 0.0 0.0 0.5789582 3.0121192469448985 2.500823 3.141592653589793 0.0
0.0 0.0 0.7314603924751282 0.2576664984226227 0.7314604 0.2576665 3.9469447 0.05545693 0.0 0.0 0.0 225.4746 4.719067 4.357285 0.9233361 2.582894 0.0 3.141592653589793 4.014021 4.449511091464778 2.095326 0.0 0.0
0.0 0.0 0.15182210505008698 0.5760864019393921 0.1518221 0.5760864 3.9188805 -0.2341649 0.0 0.0 0.0 248.2607 4.668847 4.341512 0.92988956 5.791308 0.0 0.0 6.228367 3.976861887953241 2.135032 0.0 0.0
0.0 0.0 0.36821600794792175 0.1331298053264618 -0.368216 0.1331298 3.940218 -0.7222755 0.0 0.0 0.0 239.261 4.85258 4.225664 0.8708077 0.5078588 0.0 0.0 1.028806 0.5142252585906419 1.676136 3.141592653589793 0.0
0.0 0.0 0.0731109082698822 0.2188849002122879 0.07311091 -0.2188849 3.2808192 1.224049 0.0 0.0 0.0 229.4331 4.081155 3.48446 0.85379267 3.717412 0.0 -0.0 5.228909 1.4274377875522362 0.511506 0.0 3.141592653589793
0.0 0.0 0.05468909069895744 0.6134678721427917 -0.05468909 0.6134679 3.2490962 0.4748098 0.0 0.0 0.0 55.07999 3.896834 3.575902 0.9176429 1.481706 0.0 0.0 5.559455 3.2648964746154263 0.6481003 3.141592653589793 0.0
0.0 0.0 0.020531300455331802 0.38226979970932007 0.0205313 -0.3822698 3.9221332 0.2737481 0.0 0.0 0.0 181.8508 4.85618 4.18449 0.8616835 5.77379 0.0 0.0 1.434318 2.2886491020440474 2.598696 0.0 3.141592653589793
0.0 0.0 0.21325179934501648 0.3057667016983032 0.2132518 -0.3057667 3.869936 0.6621559 0.0 0.0 0.0 248.441 4.981747 3.976836 0.7982814 0.01007379 0.0 0.0 1.698802 1.1144550275171525 0.4577301 0.0 3.141592653589793
0.0 0.0 0.23794250190258026 0.7499039769172668 0.2379425 -0.749904 3.6799614 -0.6198814 0.0 0.0 0.0 208.9911 4.395798 4.066236 0.9250279 0.55152 0.0 0.0 3.542111 1.4256706417229523 2.792641 0.0 3.141592653589793
0.0 0.0 0.033457398414611816 0.05032775178551674 0.0334574 -0.05032775 3.9955642 0.2734124 0.0 0.0 0.0 209.3039 4.61889 4.560727 0.9874076 4.212183 0.0 -0.0 5.687498 5.786276632771234 0.9462752 0.0 3.141592653589793
0.0 0.0 0.697471022605896 0.17867699265480042 0.697471 0.178677 3.8937924 -0.5032749 0.0 0.0 0.0 222.5022 4.545878 4.401113 0.96815467 0.1265678 0.0 0.0 4.508266 2.581238325089778 1.037737 0.0 0.0
0.0 0.0 0.3386344015598297 0.719154417514801 0.3386344 -0.7191544 3.4247031 -0.6308387 0.0 0.0 0.0 243.9435 4.435018 3.499282 0.7890119 3.217628 0.0 -0.0 1.766272 5.494274955297925 1.752671 0.0 3.141592653589793
0.0 0.0 0.07934568077325821 0.5410478711128235 0.07934568 -0.5410479 3.8562818 0.4759028 0.0 0.0 0.0 155.2646 4.489256 4.371098 0.97367984 5.258534 0.0 0.0 1.920478 3.0920193745416853 0.4223956 0.0 3.141592653589793
0.0 0.0 0.1874781996011734 0.4790526032447815 0.1874782 -0.4790526 3.7585227 -0.7836788 0.0 0.0 0.0 246.0555 4.986835 3.752927 0.75256693 5.612447 0.0 0.0 5.18283 2.754152029812083 1.361857 0.0 3.141592653589793
0.0 0.0 0.7331724166870117 0.02211970090866089 0.7331724 -0.0221197 3.9019973 -0.5408945 0.0 0.0 0.0 186.7245 4.842629 4.153516 0.85769856 2.111162 0.0 3.141592653589793 3.220107 2.2171434203057814 1.755146 0.0 3.141592653589793
0.0 0.0 0.2750549018383026 0.0016557660419493914 -0.2750549 0.001655766 3.674503 -0.3695797 0.0 0.0 0.0 138.6881 4.301292 4.142295 0.96303505 3.38946 0.0 -0.0 3.301544 1.4996173572489937 1.783117 3.141592653589793 0.0
0.0 0.0 0.21027399599552155 0.41585031151771545 -0.210274 0.4158503 3.7485585 0.5040627 0.0 0.0 0.0 228.1489 4.92527 3.777755 0.7670148 5.902932 0.0 0.0 0.7858605 5.090537715359446 1.433678 3.141592653589793 0.0
0.0 0.0 0.4609769880771637 0.5687226057052612 0.460977 0.5687226 4.046689 0.7711403 0.0 0.0 0.0 153.1944 4.917956 4.396425 0.8939537 2.099733 0.0 3.141592653589793 5.995609 3.5409584527715054 2.533239 0.0 0.0
0.0 0.0 0.11952939629554749 0.13371959328651428 -0.1195294 -0.1337196 3.2622983 0.6678911 0.0 0.0 0.0 213.3134 4.620543 3.064789 0.6632963 5.324857 0.0 0.0 0.2758204 0.09298768513937006 1.999667 3.141592653589793 3.141592653589793
0.0 0.0 0.5608810782432556 0.5449380874633789 0.5608811 -0.5449381 3.3437989 1.219622 0.0 0.0 0.0 175.6522 4.9996 2.989755 0.59799886 2.795547 0.0 3.141592653589793 5.227865 4.248892507874835 0.5296543 0.0 3.141592653589793
0.0 0.0 0.4922029972076416 0.706214189529419 -0.492203 0.7062142 3.7612112 0.7523568 0.0 0.0 0.0 219.2079 4.627298 4.037782 0.87260044 5.824451 0.0 0.0 6.249033 3.2940654825894953 1.273905 3.141592653589793 0.0
0.0 0.0 0.749719500541687 0.7069607973098755 -0.7497195 -0.7069608 3.823567 -0.5923048 0.0 0.0 0.0 237.1695 4.419321 4.365129 0.9877375 2.260594 0.0 3.141592653589793 5.950325 4.770441801078697 1.528361 3.141592653589793 3.141592653589793
0.0 0.0 0.5771052837371826 0.4063878059387207 -0.5771053 0.4063878 3.8047147 -0.003899703 0.0 0.0 0.0 164.2034 4.760382 4.018253 0.844103 1.711089 0.0 3.141592653589793 3.303681 3.77202900396761 1.095721 3.141592653589793 0.0
0.0 0.0 0.07349693775177002 0.6728736162185669 -0.07349694 -0.6728736 3.9752247 1.321336 0.0 0.0 0.0 239.2677 4.986161 4.188211 0.839967 4.789927 0.0 0.0 2.413769 3.9266567413967195 0.8379414 3.141592653589793 3.141592653589793
0.0 0.0 0.6343163847923279 0.5568547248840332 -0.6343164 -0.5568547 4.227745 0.005984819 0.0 0.0 0.0 236.4868 4.971464 4.744524 0.9543514 5.889142 0.0 0.0 0.4262236 1.7427743518298584 1.06378 3.141592653589793 3.141592653589793
0.0 0.0 0.33368128538131714 0.47384729981422424 -0.3336813 -0.4738473 3.2937357 0.8724218 0.0 0.0 0.0 204.4718 4.17366 3.436305 0.82333136 4.674061 0.0 -0.0 2.241147 4.462231422682372 1.32281 3.141592653589793 3.141592653589793
0.0 0.0 0.745513379573822 0.3569698929786682 0.7455134 -0.3569699 3.1768851 -0.172032 0.0 0.0 0.0 61.93435 4.252315 3.145966 0.7398243 3.638288 0.0 -0.0 5.610363 0.6312306152535143 1.927634 0.0 3.141592653589793
0.0 0.0 0.7055448293685913 0.3040091097354889 -0.7055448 -0.3040091 3.4612021 0.09314781 0.0 0.0 0.0 215.7787 4.305438 3.676124 0.8538328 0.2905081 0.0 0.0 4.623334 3.2893870373470335 2.233248 3.141592653589793 3.141592653589793
0.0 0.0 0.2436370998620987 0.6789031028747559 0.2436371 -0.6789031 4.0649424 -0.07044227 0.0 0.0 0.0 119.9165 4.753533 4.587033 0.9649734 2.17545 0.0 3.141592653589793 0.5633841 5.559137310944344 0.5559458 0.0 3.141592653589793
0.0 0.0 0.499787300825119 0.4740074872970581 0.4997873 -0.4740075 3.2804096 -1.256992 0.0 0.0 0.0 92.20519 4.947041 2.910468 0.588325 1.698723 0.0 3.141592653589793 0.8922032 3.398760078256089 1.31086 0.0 3.141592653589793
0.0 0.0 0.7455232739448547 0.6682857871055603 0.7455233 -0.6682858 3.6680727 -0.05417875 0.0 0.0 0.0 233.8881 4.882345 3.651614 0.7479221 2.200001 0.0 3.141592653589793 1.093365 2.1377157895325922 2.021689 0.0 3.141592653589793
0.0 0.0 0.7108622193336487 0.17609070241451263 -0.7108622 0.1760907 3.407643 0.3601134 0.0 0.0 0.0 144.756 4.057756 3.77699 0.9308076 0.6854064 0.0 0.0 0.4770497 1.8879975847953006 1.197233 3.141592653589793 0.0
0.0 0.0 0.7405961155891418 0.469998300075531 -0.7405961 0.4699983 3.800922 0.6761 0.0 0.0 0.0 231.569 4.884109 3.912644 0.80109674 1.276373 0.0 0.0 2.968173 2.1432267529739306 2.61206 3.141592653589793 0.0
0.0 0.0 0.39005759358406067 0.040945351123809814 -0.3900576 0.04094535 3.4395885 0.9358795 0.0 0.0 0.0 200.1864 4.631245 3.38722 0.7313843 5.46817 0.0 0.0 2.104886 3.284866390487366 1.7606 3.141592653589793 0.0
0.0 0.0 0.30827128887176514 0.33797070384025574 0.3082713 -0.3379707 3.9316516 0.1256245 0.0 0.0 0.0 217.8154 4.909669 4.160112 0.84733045 4.652974 0.0 -0.0 2.366711 1.7104674746219075 1.73928 0.0 3.141592653589793
0.0 0.0 0.29067981243133545 0.22881880402565002 -0.2906798 0.2288188 3.6914735 -0.5370948 0.0 0.0 0.0 213.0535 4.260227 4.220662 0.99071294 2.339162 0.0 3.141592653589793 1.37394 5.749531241788134 1.320464 3.141592653589793 0.0
0.0 0.0 0.3484134078025818 0.2798505127429962 -0.3484134 -0.2798505 3.5928273 0.1417594 0.0 0.0 0.0 126.0302 4.495025 3.794676 0.84419465 4.668119 0.0 -0.0 1.679671 5.452088064804627 0.3949236 3.141592653589793 3.141592653589793
0.0 0.0 0.6081694960594177 0.2045276015996933 0.6081695 0.2045276 3.627697 0.2118634 0.0 0.0 0.0 247.9339 4.390897 3.956906 0.90116125 0.2082063 0.0 0.0 2.974765 2.136121835505186 1.78927 0.0 0.0
0.0 0.0 0.2752777934074402 0.12982800602912903 0.2752778 -0.129828 3.3210568 -0.2848755 0.0 0.0 0.0 224.0383 4.139417 3.52042 0.85046273 5.478446 0.0 0.0 5.384624 0.2506746859764135 0.4643628 0.0 3.141592653589793
0.0 0.0 0.4297564923763275 0.5791553258895874 -0.4297565 0.5791553 3.8975859 -0.873042 0.0 0.0 0.0 226.9917 4.623143 4.336655 0.93803173 5.74291 0.0 0.0 4.014598 3.308001975601144 0.9524126 3.141592653589793 0.0
0.0 0.0 0.21379919350147247 0.6270003914833069 -0.2137992 0.6270004 3.3574598 -1.046138 0.0 0.0 0.0 194.5544 4.795709 3.129725 0.6526094 6.052224 0.0 0.0 0.2021501 1.754965155854883 0.729933 3.141592653589793 0.0
0.0 0.0 0.5022991895675659 0.20612390339374542 0.5022992 -0.2061239 3.5090325 -0.6688271 0.0 0.0 0.0 190.718 4.489933 3.626891 0.8077828 0.2928827 0.0 0.0 3.562805 0.6146432891584155 1.713655 0.0 3.141592653589793
0.0 0.0 0.7255113124847412 0.24215810000896454 -0.7255113 -0.2421581 3.565986 -0.6476892 0.0 0.0 0.0 185.9075 4.181381 4.013174 0.95977235 6.14234 0.0 0.0 5.607068 0.12082180350640925 0.7756239 3.141592653589793 3.141592653589793
0.0 0.0 0.2306073009967804 0.48966020345687866 0.2306073 -0.4896602 3.9059832 -0.7891896 0.0 0.0 0.0 227.7382 4.945162 4.078469 0.8247392 2.143162 0.0 3.141592653589793 6.216928 3.5609119114271053 0.8190523 0.0 3.141592653589793
0.0 0.0 0.4535354971885681 0.3437331020832062 0.4535355 0.3437331 3.9061003 0.6087288 0.0 0.0 0.0 246.9492 4.851656 4.154613 0.85632885 3.193981 0.0 -0.0 1.682788 4.699130671466413 1.860427 0.0 0.0
0.0 0.0 0.25529760122299194 0.3631739020347595 0.2552976 0.3631739 3.1783478 0.274247 0.0 0.0 0.0 238.2882 4.033518 3.311122 0.82090175 2.490784 0.0 3.141592653589793 0.8176252 2.3852733617860977 2.747321 0.0 0.0
0.0 0.0 0.007332697045058012 0.3063529133796692 -0.007332697 0.3063529 3.6838276 -0.2642744 0.0 0.0 0.0 216.0694 4.302052 4.162541 0.967571 0.252753 0.0 0.0 0.8941175 1.7986730426384057 1.957914 3.141592653589793 0.0
0.0 0.0 0.5703591108322144 0.2348242998123169 -0.5703591 -0.2348243 3.6226306 -0.9682594 0.0 0.0 0.0 147.3115 4.932493 3.530298 0.7157228 0.9300128 0.0 0.0 2.015975 5.2681938216739255 0.5933672 3.141592653589793 3.141592653589793
0.0 0.0 0.7150539755821228 0.08727256208658218 0.715054 -0.08727256 3.6629155 0.2826296 0.0 0.0 0.0 124.2044 4.976395 3.576909 0.71877515 2.559341 0.0 3.141592653589793 5.369751 0.3369237032974439 0.9407051 0.0 3.141592653589793
0.0 0.0 0.6820669770240784 0.5108668208122253 -0.682067 -0.5108668 3.4644623 0.056105 0.0 0.0 0.0 201.9045 4.266942 3.715206 0.8706952 2.134815 0.0 3.141592653589793 4.443182 2.8478685170740974 1.571604 3.141592653589793 3.141592653589793
0.0 0.0 0.34600821137428284 0.4616439938545227 0.3460082 0.461644 3.4831963 -0.6702863 0.0 0.0 0.0 202.2254 4.421443 3.627874 0.8205181 5.116549 0.0 0.0 0.884863 0.46325773634534073 2.190046 0.0 0.0
0.0 0.0 0.7089976072311401 0.45804670453071594 -0.7089976 0.4580467 3.5682342 0.5556459 0.0 0.0 0.0 231.9003 4.802405 3.515321 0.7319918 5.723456 0.0 0.0 4.749926 4.468320941745482 1.485066 3.141592653589793 0.0
0.0 0.0 0.3587956130504608 0.6305025815963745 -0.3587956 0.6305026 4.046724 0.6061726 0.0 0.0 0.0 219.0235 4.732479 4.566234 0.96487147 1.994285 0.0 3.141592653589793 5.730029 0.6205247586411957 1.278716 3.141592653589793 0.0
0.0 0.0 0.4324856102466583 0.2860735058784485 0.4324856 0.2860735 3.7539067 0.09834398 0.0 0.0 0.0 131.8416 4.992997 3.739604 0.7489698 2.618437 0.0 3.141592653589793 5.421315 1.853661568945327 2.307905 0.0 0.0
0.0 0.0 0.08231416344642639 0.6116924285888672 -0.08231416 -0.6116924 3.2610698 -0.1366078 0.0 0.0 0.0 198.9738 4.21111 3.341149 0.7934129 5.480237 0.0 0.0 2.819569 4.325692997656816 0.5486737 3.141592653589793 3.141592653589793
0.0 0.0 0.052318550646305084 0.36366990208625793 -0.05231855 -0.3636699 3.610496 1.069716 0.0 0.0 0.0 198.0502 4.456216 3.863855 0.86707085 2.364363 0.0 3.141592653589793 1.489115 5.002949227077707 1.105643 3.141592653589793 3.141592653589793
0.0 0.0 0.572012722492218 0.307725191116333 0.5720127 -0.3077252 4.202425 -1.302421 0.0 0.0 0.0 166.0959 4.947132 4.71097 0.9522628 2.130153 0.0 3.141592653589793 3.107595 0.007252765860918942 1.148696 0.0 3.141592653589793
0.0 0.0 0.4446049928665161 0.5879225730895996 0.444605 0.5879226 3.345506 -0.8871654 0.0 0.0 0.0 171.592 4.203557 3.518877 0.8371189 4.699806 0.0 -0.0 0.05447487 4.249145130183834 0.7899517 0.0 0.0
0.0 0.0 0.671410083770752 0.3871704041957855 -0.6714101 0.3871704 3.8678262 0.3407494 0.0 0.0 0.0 122.9446 4.6522 4.244921 0.91245455 1.69232 0.0 3.141592653589793 0.6625991 5.472112209369598 0.4294204 3.141592653589793 0.0
0.0 0.0 0.23061420023441315 0.4931657016277313 -0.2306142 -0.4931657 3.5771415 0.7184212 0.0 0.0 0.0 179.5112 4.909806 3.459922 0.7046963 1.412063 0.0 0.0 5.80949 5.456012715375337 1.868027 3.141592653589793 3.141592653589793
0.0 0.0 0.17573590576648712 0.21008500456809998 0.1757359 -0.210085 4.1779475 -0.8516461 0.0 0.0 0.0 158.2362 4.975969 4.629915 0.930455 2.649906 0.0 3.141592653589793 5.769131 6.1117805738112025 1.562773 0.0 3.141592653589793
0.0 0.0 0.5943089127540588 0.468504399061203 0.5943089 0.4685044 3.5237186 1.198071 0.0 0.0 0.0 175.4162 4.830809 3.411983 0.7062964 4.658817 0.0 -0.0 4.275791 2.769078774157258 0.8496353 0.0 0.0
0.0 0.0 0.12195420265197754 0.6624730229377747 0.1219542 -0.662473 3.6331775 -1.091329 0.0 0.0 0.0 143.3454 4.716429 3.703715 0.78527945 4.496706 0.0 -0.0 1.314793 5.701682317432294 2.385318 0.0 3.141592653589793
0.0 0.0 0.03513418883085251 0.13633869588375092 0.03513419 0.1363387 3.9228754 -0.7849303 0.0 0.0 0.0 172.6073 4.612317 4.403 0.9546178 1.083854 0.0 0.0 1.657971 0.21053452400005312 0.7559901 0.0 0.0
0.0 0.0 0.005800186190754175 0.2340535968542099 -0.005800186 -0.2340536 3.4752371 0.1077023 0.0 0.0 0.0 233.2029 4.276533 3.72988 0.8721738 5.898453 0.0 0.0 1.711744 5.509465675085828 0.8556311 3.141592653589793 3.141592653589793
0.0 0.0 0.7385265231132507 0.49119189381599426 0.7385265 0.4911919 3.1781871 -0.7656911 0.0 0.0 0.0 166.6876 4.057364 3.292106 0.81139034 5.700869 0.0 0.0 0.2778775 4.279881137144564 0.2597568 0.0 0.0
0.0 0.0 0.08167848736047745 0.37252581119537354 0.08167849 -0.3725258 3.6269536 1.217234 0.0 0.0 0.0 200.8342 4.274853 4.06099 0.94997174 6.114538 0.0 0.0 1.289426 0.2684874012214493 2.206628 0.0 3.141592653589793
0.0 0.0 0.7352362275123596 0.020029699429869652 -0.7352362 -0.0200297 3.9395854 -0.2173319 0.0 0.0 0.0 244.9918 4.955065 4.13966 0.8354401 3.108806 0.0 3.141592653589793 5.729137 1.3200233830014838 1.643592 3.141592653589793 3.141592653589793
0.0 0.0 0.7075852155685425 0.610442578792572 0.7075852 0.6104426 3.249292 1.220592 0.0 0.0 0.0 171.8922 4.46419 3.139943 0.7033623 5.646273 0.0 0.0 4.878554 4.490652389298354 1.85395 0.0 0.0
0.0 0.0 0.1388022005558014 0.4840969145298004 -0.1388022 0.4840969 3.2124784 1.425575 0.0 0.0 0.0 122.9921 3.690403 3.689934 0.9998729 5.07721 0.0 0.0 1.376534 0.3627500272872055 1.444261 3.141592653589793 0.0
0.0 0.0 0.4995031952857971 0.2874431014060974 0.4995032 -0.2874431 3.7964253 1.120851 0.0 0.0 0.0 242.1245 4.689819 4.059362 0.865569 1.150287 0.0 0.0 5.217705 3.9553081248326123 1.554791 0.0 3.141592653589793
0.0 0.0 0.1914214938879013 0.1889909952878952 0.1914215 -0.188991 3.9624138 0.663392 0.0 0.0 0.0 170.9237 4.723174 4.387485 0.92892724 0.4567859 0.0 0.0 5.412951 3.2065320194254525 2.930285 0.0 3.141592653589793
0.0 0.0 0.567912220954895 0.4798746109008789 0.5679122 0.4798746 3.8667555 -1.384479 0.0 0.0 0.0 246.0001 4.601814 4.288293 0.93187016 1.515322 0.0 0.0 1.427125 5.5482961296387145 2.394794 0.0 0.0
0.0 0.0 0.26695749163627625 0.08952244371175766 0.2669575 -0.08952244 3.4221258 0.3825049 0.0 0.0 0.0 154.3719 4.98451 3.133425 0.6286325 3.952633 0.0 -0.0 5.328646 4.254465912863765 0.4731292 0.0 3.141592653589793
0.0 0.0 0.731846272945404 0.11642610281705856 0.7318463 -0.1164261 3.3304656 0.3043621 0.0 0.0 0.0 130.367 4.13627 3.542693 0.8564946 0.1987323 0.0 0.0 6.071566 1.6808546530977253 1.048157 0.0 3.141592653589793
0.0 0.0 0.39010539650917053 0.5980147123336792 0.3901054 -0.5980147 3.4602752 0.01177636 0.0 0.0 0.0 109.4847 4.929471 3.233448 0.6559422 0.6698032 0.0 0.0 1.124218 5.026809435150739 1.77027 0.0 3.141592653589793
0.0 0.0 0.4606730043888092 0.20454980432987213 0.460673 0.2045498 4.1926484 0.1752792 0.0 0.0 0.0 216.0504 4.927696 4.707499 0.9553144 1.242557 0.0 0.0 3.391334 5.539337830169046 2.783089 0.0 0.0
0.0 0.0 0.349236398935318 0.7054429054260254 0.3492364 0.7054429 3.3463943 -0.8037397 0.0 0.0 0.0 71.05543 4.858078 3.07337 0.6326308 3.100985 0.0 3.141592653589793 2.170562 6.063148950650742 0.7157025 0.0 0.0
0.0 0.0 0.2860059142112732 0.12144359946250916 -0.2860059 -0.1214436 3.7523704 -0.9809156 0.0 0.0 0.0 247.2297 4.443208 4.182214 0.9412599 2.958333 0.0 3.141592653589793 5.764215 3.522442197113442 2.136353 3.141592653589793 3.141592653589793
0.0 0.0 0.18713200092315674 0.18086430430412292 -0.187132 -0.1808643 4.0320024 -0.8258411 0.0 0.0 0.0 133.4077 4.735168 4.530649 0.95680857 1.168924 0.0 0.0 2.166825 4.5709426046733554 2.209007 3.141592653589793 3.141592653589793
0.0 0.0 0.2687534987926483 0.16184140741825104 0.2687535 0.1618414 3.513863 0.495114 0.0 0.0 0.0 161.1224 4.914965 3.339522 0.6794599 2.784149 0.0 3.141592653589793 0.002137098 4.8171434447058985 0.6952807 0.0 0.0
0.0 0.0 0.5902941226959229 0.49849608540534973 0.5902941 0.4984961 3.6879272 -0.8629126 0.0 0.0 0.0 204.0835 4.947479 3.644302 0.7365978 3.443629 0.0 -0.0 4.793723 4.881667493092273 0.27084 0.0 0.0
0.0 0.0 0.04983077943325043 0.5217545032501221 -0.04983078 0.5217545 3.7838361 0.5549058 0.0 0.0 0.0 240.1281 4.649583 4.06679 0.874657 3.561507 0.0 -0.0 1.023632 0.3894399243252309 1.009327 3.141592653589793 0.0
0.0 0.0 0.009655658155679703 0.37375009059906006 -0.009655658 0.3737501 3.4775724 0.8396161 0.0 0.0 0.0 203.8122 4.949587 3.252346 0.6570944 0.5662688 0.0 0.0 1.311015 0.7325790790744549 0.9865065 3.141592653589793 0.0
0.0 0.0 0.7393385767936707 0.6199048161506653 -0.7393386 -0.6199048 3.9671562 -0.5199513 0.0 0.0 0.0 153.8008 4.989494 4.168831 0.8355218 2.643956 0.0 3.141592653589793 3.977757 1.1827279313006542 1.594435 3.141592653589793 3.141592653589793
0.0 0.0 0.29118019342422485 0.35071301460266113 -0.2911802 -0.350713 3.2452788 -0.2692839 0.0 0.0 0.0 167.4657 3.802655 3.654797 0.9611172 3.70642 0.0 -0.0 0.6143522 1.4307348285224393 1.181094 3.141592653589793 3.141592653589793
0.0 0.0 0.1414051055908203 0.5901771187782288 0.1414051 0.5901771 3.285667 -0.5390023 0.0 0.0 0.0 180.8865 4.859061 2.967133 0.6106392 0.9571714 0.0 0.0 4.634997 3.506337513051946 1.703711 0.0 0.0
0.0 0.0 0.665172278881073 0.25834500789642334 -0.6651723 0.258345 3.2637975 -0.6272592 0.0 0.0 0.0 237.6897 4.119137 3.41827 0.8298511 1.377309 0.0 0.0 1.460833 0.5086766753525112 0.4612634 3.141592653589793 0.0
0.0 0.0 0.5326123237609863 0.5831369757652283 -0.5326123 -0.583137 3.6171331 -1.09361 0.0 0.0 0.0 195.0332 4.405786 3.921139 0.8899976 4.347564 0.0 -0.0 4.497852 6.195658891661694 1.574281 3.141592653589793 3.141592653589793
0.0 0.0 0.48378708958625793 0.32875359058380127 0.4837871 -0.3287536 3.555029 0.05847448 0.0 0.0 0.0 246.428 4.447387 3.755038 0.8443245 0.3450369 0.0 0.0 4.859426 4.130239202452252 1.348474 0.0 3.141592653589793
0.0 0.0 0.6139541268348694 0.34485501050949097 0.6139541 0.344855 3.6403782 0.1323501 0.0 0.0 0.0 200.955 4.274839 4.090978 0.95699 6.138496 0.0 0.0 0.6576779 4.044021286376413 1.291761 0.0 0.0
0.0 0.0 0.5626646280288696 0.11574260145425797 0.5626646 0.1157426 3.7383711 -0.3790506 0.0 0.0 0.0 176.57 4.78994 3.858862 0.80561805 3.457303 0.0 -0.0 4.38947 4.61029865579669 1.168185 0.0 0.0
0.0 0.0 0.07630045711994171 0.6852962970733643 0.07630046 -0.6852963 3.9293385 -0.2666386 0.0 0.0 0.0 204.1131 4.748037 4.292962 0.9041552 3.245267 0.0 -0.0 3.612647 5.209704990790236 1.153911 0.0 3.141592653589793
0.0 0.0 0.2526850998401642 0.08052971959114075 0.2526851 0.08052972 3.676461 -0.8272374 0.0 0.0 0.0 134.4275 4.46501 3.99683 0.89514464 3.687131 0.0 -0.0 0.2837021 2.579292003317505 0.2481068 0.0 0.0
0.0 0.0 0.3797178864479065 0.36948689818382263 0.3797179 -0.3694869 3.7940052 1.232888 0.0 0.0 0.0 163.7942 4.488935 4.231944 0.94275016 4.681608 0.0 -0.0 0.9499018 4.2356015037953725 1.357062 0.0 3.141592653589793
0.0 0.0 0.07645660638809204 0.248997300863266 -0.07645661 -0.2489973 3.4071016 -1.117886 0.0 0.0 0.0 246.3833 4.077335 3.757943 0.9216665 1.869557 0.0 3.141592653589793 2.052876 0.7005120425794757 0.8559685 3.141592653589793 3.141592653589793
0.0 0.0 0.022600220516324043 0.03198162093758583 -0.02260022 -0.03198162 3.6932592 -0.6754907 0.0 0.0 0.0 180.3806 4.941112 3.658972 0.7405159 4.370614 0.0 -0.0 4.994483 4.5884542877950025 2.24061 3.141592653589793 3.141592653589793
0.0 0.0 0.6927083134651184 0.33283519744873047 0.6927083 0.3328352 3.469406 0.4901694 0.0 0.0 0.0 236.8346 4.780496 3.343566 0.6994182 3.272638 0.0 -0.0 3.604229 0.8777012474256267 0.3224842 0.0 0.0
0.0 0.0 0.346121609210968 0.4087713062763214 0.3461216 -0.4087713 3.8485265 -0.7290311 0.0 0.0 0.0 197.0733 4.511293 4.332469 0.9603608 1.032011 0.0 0.0 2.026018 2.48912989283167 1.255629 0.0 3.141592653589793
0.0 0.0 0.46077480912208557 0.34989631175994873 0.4607748 0.3498963 3.7064083 -0.9007905 0.0 0.0 0.0 232.1999 4.513951 4.018418 0.8902219 5.883928 0.0 0.0 1.832734 4.095197111736752 1.257822 0.0 0.0
0.0 0.0 0.3766365945339203 0.5480018854141235 0.3766366 0.5480019 3.2176518 0.1570629 0.0 0.0 0.0 72.96541 3.916413 3.490513 0.8912525 6.005767 0.0 0.0 2.590113 3.108835136930111 0.9129328 0.0 0.0
0.0 0.0 0.7336758971214294 0.018028980121016502 0.7336759 -0.01802898 3.3433266 -0.02702207 0.0 0.0 0.0 214.4801 4.765366 3.122658 0.6552819 2.369107 0.0 3.141592653589793 1.270566 1.9548087413222461 1.785259 0.0 3.141592653589793
0.0 0.0 0.2989371120929718 0.675518810749054 0.2989371 0.6755188 3.62419 -0.91267 0.0 0.0 0.0 119.177 4.930953 3.534274 0.71675277 5.75464 0.0 0.0 0.1846472 3.941666053224232 1.737668 0.0 0.0
0.0 0.0 0.1913323998451233 0.44748321175575256 0.1913324 -0.4474832 3.8178947 -0.6522199 0.0 0.0 0.0 237.0706 4.929801 3.911914 0.7935237 4.381483 0.0 -0.0 4.275028 0.38401774101109964 1.693133 0.0 3.141592653589793
0.0 0.0 0.5604742169380188 0.294028103351593 -0.5604742 0.2940281 3.782152 -0.2586041 0.0 0.0 0.0 193.6052 4.898169 3.864325 0.78893256 5.302677 0.0 0.0 2.01028 0.5227149738729864 1.969989 3.141592653589793 0.0
0.0 0.0 0.7283902764320374 0.31828901171684265 -0.7283903 0.318289 3.7875261 1.150698 0.0 0.0 0.0 163.0224 4.759192 3.983605 0.83703387 1.625039 0.0 3.141592653589793 5.630948 5.1631899665316965 0.9988058 3.141592653589793 0.0
0.0 0.0 0.20521029829978943 0.07469172775745392 0.2052103 0.07469173 3.2326028 -1.024625 0.0 0.0 0.0 225.8064 4.899656 2.855023 0.58269864 6.143874 0.0 0.0 0.4583051 3.6694244006739396 2.260339 0.0 0.0
0.0 0.0 0.5090165138244629 0.6362621784210205 0.5090165 -0.6362622 3.7791831 -0.06884743 0.0 0.0 0.0 129.8412 4.655359 4.05203 0.87040126 2.402175 0.0 3.141592653589793 5.112401 3.8521431739154437 1.345393 0.0 3.141592653589793
0.0 0.0 0.5273004770278931 0.2809149920940399 0.5273005 0.280915 3.7584403 -0.171514 0.0 0.0 0.0 161.9942 4.819342 3.876734 0.8044115 0.123441 0.0 0.0 4.125016 5.283983047624112 2.99528 0.0 0.0
0.0 0.0 0.479341596364975 0.4070967137813568 -0.4793416 0.4070967 3.9798489 -0.2652631 0.0 0.0 0.0 144.4998 4.750001 4.401266 0.92658216 2.159489 0.0 3.141592653589793 5.77423 0.4092385183455036 1.447559 3.141592653589793 0.0
0.0 0.0 0.23113299906253815 0.5326179265975952 -0.231133 -0.5326179 3.5198627 1.006517 0.0 0.0 0.0 114.7934 4.279618 3.822394 0.8931624 1.312068 0.0 0.0 4.418135 1.2763236332236403 1.219067 3.141592653589793 3.141592653589793
0.0 0.0 0.01703839935362339 0.3332633078098297 0.0170384 -0.3332633 3.6903617 0.2249841 0.0 0.0 0.0 106.9438 4.777844 3.771633 0.7894006 5.461299 0.0 0.0 0.9058853 5.345437710939201 1.214477 0.0 3.141592653589793
0.0 0.0 0.5517191290855408 0.5521783232688904 0.5517191 -0.5521783 3.6325593 0.7411482 0.0 0.0 0.0 87.83989 4.45624 3.910561 0.8775472 5.590915 0.0 0.0 0.6025065 1.6528711356210835 1.988595 0.0 3.141592653589793
0.0 0.0 0.3783738911151886 0.04032649099826813 -0.3783739 0.04032649 3.685671 -0.2468091 0.0 0.0 0.0 169.6815 4.688197 3.831095 0.8171787 2.685147 0.0 3.141592653589793 5.451831 3.806154255419372 2.057231 3.141592653589793 0.0
0.0 0.0 0.3661291003227234 0.5994840264320374 -0.3661291 0.599484 4.0191264 0.5610029 0.0 0.0 0.0 205.5099 4.797122 4.444481 0.92648906 3.511648 0.0 -0.0 1.530811 1.487853268072925 1.828501 3.141592653589793 0.0
0.0 0.0 0.24894979596138 0.7448790073394775 -0.2489498 -0.744879 3.9902387 1.044236 0.0 0.0 0.0 162.0689 4.645152 4.522985 0.9737001 5.78918 0.0 0.0 1.118098 6.060642735449349 0.6740167 3.141592653589793 3.141592653589793
0.0 0.0 0.27967900037765503 0.43595269322395325 -0.279679 -0.4359527 3.437347 0.8003248 0.0 0.0 0.0 244.5097 4.091704 3.811219 0.93145037 3.672203 0.0 -0.0 1.902461 2.1519215812429167 2.514233 3.141592653589793 3.141592653589793
0.0 0.0 0.15112650394439697 0.47129368782043457 -0.1511265 -0.4712937 3.8737452 -0.466288 0.0 0.0 0.0 204.9024 4.879384 4.064739 0.8330435 5.526654 0.0 0.0 1.991452 5.472577731705954 2.27897 3.141592653589793 3.141592653589793
0.0 0.0 0.09313544631004333 0.2929931879043579 0.09313545 0.2929932 3.4696968 0.1665488 0.0 0.0 0.0 177.0413 4.267498 3.725816 0.87306803 2.138774 0.0 3.141592653589793 3.427704 4.3441325045848345 1.348376 0.0 0.0
0.0 0.0 0.31485891342163086 0.6034024953842163 -0.3148589 0.6034025 3.2895148 -0.06972627 0.0 0.0 0.0 180.81 4.128113 3.464105 0.8391498 4.460298 0.0 -0.0 4.293518 0.13478006981625157 2.323283 3.141592653589793 0.0
0.0 0.0 0.43158841133117676 0.4462907016277313 0.4315884 0.4462907 3.492336 0.572394 0.0 0.0 0.0 212.0786 4.562586 3.538603 0.7755696 1.269956 0.0 0.0 3.850194 1.8261958766119548 0.7729999 0.0 0.0
0.0 0.0 0.5654203295707703 0.5179144144058228 -0.5654203 0.5179144 4.0252066 -0.6820102 0.0 0.0 0.0 175.2413 4.700369 4.54862 0.96771556 0.9847902 0.0 0.0 2.9776 5.28364729374762 1.360846 3.141592653589793 0.0
0.0 0.0 0.33575960993766785 0.2118874043226242 -0.3357596 0.2118874 4.1687956 0.9124067 0.0 0.0 0.0 247.6258 4.930816 4.651448 0.9433424 4.79566 0.0 0.0 3.385271 4.251938873323006 0.9008231 3.141592653589793 0.0
0.0 0.0 0.700078010559082 0.15643459558486938 -0.700078 -0.1564346 3.414297 -0.8235859 0.0 0.0 0.0 238.5587 4.563416 3.385729 0.74192864 5.829913 0.0 0.0 4.081732 1.0856751276807302 0.9487346 3.141592653589793 3.141592653589793
0.0 0.0 0.19442079961299896 0.6736739277839661 -0.1944208 0.6736739 3.3884938 0.05550194 0.0 0.0 0.0 54.59153 4.335326 3.502592 0.8079189 0.3669191 0.0 0.0 1.657856 1.645039161645542 1.495926 3.141592653589793 0.0
0.0 0.0 0.12042400240898132 0.15173380076885223 0.120424 -0.1517338 3.851582 0.1458173 0.0 0.0 0.0 226.0823 4.726039 4.145394 0.87713915 3.377309 0.0 -0.0 0.09603411 3.3509169598911797 1.557181 0.0 3.141592653589793
0.0 0.0 0.15164980292320251 0.2007995992898941 0.1516498 -0.2007996 3.4606802 0.8589755 0.0 0.0 0.0 153.8944 4.11628 3.840031 0.9328886 5.883474 0.0 0.0 0.06607679 4.692706550508007 1.83146 0.0 3.141592653589793
0.0 0.0 0.036186158657073975 0.09017357975244522 -0.03618616 0.09017358 3.7903743 -0.2733051 0.0 0.0 0.0 245.3883 4.967581 3.829115 0.77082086 1.513298 0.0 0.0 1.678267 6.160294632609435 2.137987 3.141592653589793 0.0
0.0 0.0 0.4905768930912018 0.6870326995849609 -0.4905769 -0.6870327 3.735606 1.233546 0.0 0.0 0.0 147.6677 4.82013 3.830191 0.79462403 1.326674 0.0 0.0 3.83955 5.752298406623737 2.15345 3.141592653589793 3.141592653589793
0.0 0.0 0.40878909826278687 0.6100788116455078 0.4087891 -0.6100788 3.4468408 0.5350823 0.0 0.0 0.0 135.1203 4.055206 3.866259 0.9534064 2.180624 0.0 3.141592653589793 2.999206 1.151235160759967 2.722138 0.0 3.141592653589793
0.0 0.0 0.3156718909740448 0.34910181164741516 0.3156719 0.3491018 3.712497 0.8434916 0.0 0.0 0.0 146.5128 4.288903 4.240341 0.98867726 1.943527 0.0 3.141592653589793 4.938295 4.750924858970535 1.437903 0.0 0.0
0.0 0.0 0.6840698719024658 0.5856946110725403 0.6840699 -0.5856946 3.3764412 -1.135075 0.0 0.0 0.0 147.9761 4.229638 3.561784 0.8421014 0.8324367 0.0 0.0 4.392878 0.36062936429232906 1.287732 0.0 3.141592653589793
0.0 0.0 0.27009978890419006 0.35003191232681274 -0.2700998 0.3500319 3.198865 1.016182 0.0 0.0 0.0 135.2122 4.976965 2.759829 0.5545205 4.927639 0.0 0.0 3.522223 3.292197665629061 2.53219 3.141592653589793 0.0
0.0 0.0 0.4383932054042816 0.1597422957420349 -0.4383932 0.1597423 3.96969 1.065964 0.0 0.0 0.0 217.9613 4.583665 4.536434 0.98969585 4.779947 0.0 0.0 5.795327 2.8760179701568234 0.7466914 3.141592653589793 0.0
0.0 0.0 0.18123559653759003 0.45318540930747986 0.1812356 0.4531854 3.812573 0.005175614 0.0 0.0 0.0 205.5645 4.390352 4.368673 0.9950622 3.328564 0.0 -0.0 2.584727 0.6027630017459913 2.250834 0.0 0.0
0.0 0.0 0.33804258704185486 0.23199589550495148 -0.3380426 -0.2319959 3.4078436 0.2508564 0.0 0.0 0.0 167.975 4.763962 3.24047 0.68020487 1.741416 0.0 3.141592653589793 4.754643 2.482240862574038 0.4425662 3.141592653589793 3.141592653589793
0.0 0.0 0.4859220087528229 0.3818720877170563 -0.485922 0.3818721 3.26491 -0.2692142 0.0 0.0 0.0 202.1548 3.857522 3.646821 0.9453792 4.426048 0.0 -0.0 2.552541 5.061042803172455 1.602048 3.141592653589793 0.0
0.0 0.0 0.7066100835800171 0.03680996969342232 0.7066101 -0.03680997 3.890802 0.04635778 0.0 0.0 0.0 158.4431 4.920904 4.06662 0.8263969 1.500083 0.0 0.0 6.1146 2.185353824705892 0.4336525 0.0 3.141592653589793
0.0 0.0 0.5288615226745605 0.2503404915332794 -0.5288615 -0.2503405 3.5746818 -0.901028 0.0 0.0 0.0 213.2412 4.655505 3.63289 0.7803428 0.005173267 0.0 0.0 4.697368 0.9158098720043952 1.311536 3.141592653589793 3.141592653589793
0.0 0.0 0.5268033742904663 0.503128170967102 0.5268034 0.5031282 3.527031 0.4358501 0.0 0.0 0.0 209.3139 4.936108 3.350322 0.6787376 3.25001 0.0 -0.0 1.187652 1.9476154383127167 1.964324 0.0 0.0
0.0 0.0 0.3240129053592682 0.5536373853683472 -0.3240129 -0.5536374 3.5575602 -0.006119409 0.0 0.0 0.0 193.0106 4.10543 4.0678 0.99083406 3.092006 0.0 3.141592653589793 5.169452 3.8189098963747554 1.279595 3.141592653589793 3.141592653589793
0.0 0.0 0.10538789629936218 0.6972988843917847 0.1053879 -0.6972989 3.2218778 -1.012705 0.0 0.0 0.0 240.7886 4.434205 3.108424 0.7010104 4.622216 0.0 -0.0 5.331002 6.081567015680918 1.411215 0.0 3.141592653589793
0.0 0.0 0.5217331051826477 0.6425201296806335 0.5217331 -0.6425201 3.7866313 0.3385151 0.0 0.0 0.0 178.2567 4.798234 3.950535 0.82333106 4.339961 0.0 -0.0 0.4623108 0.46571738896899006 2.136994 0.0 3.141592653589793
0.0 0.0 0.012553299777209759 0.275677889585495 0.0125533 -0.2756779 3.4138525 0.1892101 0.0 0.0 0.0 115.8893 4.859629 3.192309 0.6569038 5.387291 0.0 0.0 1.384341 4.077473178313888 1.832225 0.0 3.141592653589793
0.0 0.0 0.6416835784912109 0.5499892234802246 -0.6416836 -0.5499892 3.323119 -0.8613712 0.0 0.0 0.0 166.2634 3.887867 3.748188 0.9640731 4.041182 0.0 -0.0 4.042057 4.917473766105907 1.991642 3.141592653589793 3.141592653589793
0.0 0.0 0.3163982927799225 0.2945348918437958 0.3163983 0.2945349 3.396174 -0.7238793 0.0 0.0 0.0 158.9564 4.876214 3.15078 0.6461529 2.763429 0.0 3.141592653589793 5.61604 5.078733654209721 0.5597823 0.0 0.0
0.0 0.0 0.19820299744606018 0.08780185878276825 0.198203 -0.08780186 3.3559306 0.07504711 0.0 0.0 0.0 79.89523 4.764369 3.145914 0.66030025 0.2193721 0.0 0.0 0.5982136 1.9589038260427358 1.020916 0.0 3.141592653589793
0.0 0.0 0.35402458906173706 0.5542032718658447 -0.3540246 -0.5542033 3.391312 -1.103672 0.0 0.0 0.0 170.2617 4.31731 3.522345 0.8158657 1.981291 0.0 3.141592653589793 6.107756 6.143899345520261 2.230739 3.141592653589793 3.141592653589793
0.0 0.0 0.46859049797058105 0.2627832889556885 0.4685905 -0.2627833 4.053536 -0.2242951 0.0 0.0 0.0 141.0144 4.95217 4.38137 0.88473743 2.040133 0.0 3.141592653589793 5.970968 1.9053194687163426 0.4808967 0.0 3.141592653589793
0.0 0.0 0.46733590960502625 0.6045827269554138 -0.4673359 0.6045827 3.4678388 -0.4188216 0.0 0.0 0.0 170.5459 4.603331 3.461128 0.7518747 3.573571 0.0 -0.0 1.247847 4.0556716995211985 0.9337184 3.141592653589793 0.0
0.0 0.0 0.727884829044342 0.09265285730361938 -0.7278848 -0.09265286 3.4351346 -0.7411085 0.0 0.0 0.0 244.0049 4.798551 3.268667 0.6811779 1.260365 0.0 0.0 2.139368 5.465937984701313 1.825645 3.141592653589793 3.141592653589793
0.0 0.0 0.36896270513534546 0.7296128869056702 0.3689627 0.7296129 4.1643705 0.6297913 0.0 0.0 0.0 148.9898 4.98134 4.595215 0.9224857 0.3054319 0.0 0.0 1.410984 1.7090043344520467 1.833146 0.0 0.0
0.0 0.0 0.23017220199108124 0.5101416707038879 0.2301722 -0.5101417 3.5375473 0.2289544 0.0 0.0 0.0 227.5193 4.446956 3.719172 0.8363411 0.04291181 0.0 0.0 0.2075119 3.8568643503400466 1.693175 0.0 3.141592653589793
0.0 0.0 0.41110658645629883 0.20458239316940308 0.4111066 -0.2045824 3.213973 0.108875 0.0 0.0 0.0 204.3883 4.183156 3.268224 0.7812819 0.3223683 0.0 0.0 5.156079 1.9198804295316307 1.847098 0.0 3.141592653589793
0.0 0.0 0.393740713596344 0.742770791053772 -0.3937407 -0.7427708 3.2573113 -0.3968874 0.0 0.0 0.0 156.4946 4.957405 2.866251 0.57817566 0.4958541 0.0 0.0 0.7063048 3.2050075809107597 2.441437 3.141592653589793 3.141592653589793
0.0 0.0 0.6405643820762634 0.5109902024269104 -0.6405644 0.5109902 3.6147623 0.06045005 0.0 0.0 0.0 158.7958 4.456274 3.872816 0.8690705 1.148833 0.0 0.0 4.655813 4.143207922288283 1.52863 3.141592653589793 0.0
0.0 0.0 0.7131069898605347 0.1881328970193863 0.713107 0.1881329 3.2574644 0.4520341 0.0 0.0 0.0 123.5885 4.177523 3.359553 0.8041974 1.918144 0.0 3.141592653589793 2.274822 0.13072848921577673 0.5222269 0.0 0.0
0.0 0.0 0.6768919229507446 0.7368459105491638 -0.6768919 0.7368459 3.2704756 -0.2628197 0.0 0.0 0.0 79.59041 4.081807 3.462334 0.84823555 0.4903054 0.0 0.0 4.643066 0.3812609833024325 0.9096774 3.141592653589793 0.0
0.0 0.0 0.3920761048793793 0.10186450183391571 -0.3920761 -0.1018645 3.3392282 0.08005142 0.0 0.0 0.0 205.5361 4.306858 3.425157 0.79527974 6.225026 0.0 0.0 5.241281 0.38389280337136 1.39254 3.141592653589793 3.141592653589793
