a_1 a_2 chi_1 chi_2 chirp_mass dec geocent_time lambda_1 lambda_2 luminosity_distance mass_1 mass_2 mass_ratio phase phi_12 phi_jl psi ra theta_jn tilt_1 tilt_2
0.2250363975763321 0.458766907453537 -0.2250364 0.4587669 1.792496 0.3826607 0.0 8.638737 57.14241 245.2094 2.271348 1.870096 0.8233419 0.5480922 0.0 0.0 2.729422 0.6000030713143545 0.8642564 3.141592653589793 0.0
0.40085750818252563 0.09251012653112411 -0.4008575 -0.09251013 1.9342818 0.7948512 0.0 0.0 462.52908 197.0092 3.812974 1.362211 0.35725683 4.472872 0.0 -0.0 3.547798 3.183239143032047 1.542159 3.141592653589793 3.141592653589793
0.4128166139125824 0.743650496006012 0.4128166 -0.7436505 1.7293139 -0.4079169 0.0 0.0 363.88193 187.8089 2.84909 1.418433 0.4978547 1.874611 0.0 3.141592653589793 3.983941 3.151452600398848 2.674421 0.0 3.141592653589793
0.7192723751068115 0.5415821075439453 -0.7192724 -0.5415821 1.5135701 0.7273207 0.0 0.0 771.5876 236.7166 2.483439 1.245937 0.50169826 0.247517 0.0 0.0 4.67959 5.076430679265691 1.819121 3.141592653589793 3.141592653589793
0.3228437900543213 0.587435781955719 -0.3228438 0.5874358 1.8369024 -0.1145192 0.0 0.0 552.70544 224.128 3.530367 1.321141 0.374222 3.862885 0.0 -0.0 1.630417 4.1595604190037605 1.980814 3.141592653589793 0.0
0.5896492004394531 0.18942730128765106 0.5896492 0.1894273 1.2503282 0.2789867 0.0 297.82904 381.73264 90.80137 1.466096 1.40713 0.9597802 4.545344 0.0 -0.0 0.9555675 0.8915852461318039 1.634409 0.0 0.0
0.09448119252920151 0.04190574958920479 0.09448119 -0.04190575 2.0317502 -0.133849 0.0 0.0 555.71844 119.6902 4.421683 1.319897 0.2985056 1.782162 0.0 3.141592653589793 1.647782 1.8761256692918735 2.253428 0.0 3.141592653589793
0.15081849694252014 0.5558258295059204 0.1508185 0.5558258 1.9507298 0.535733 0.0 0.0 37.761513 207.5877 2.55884 1.969018 0.7694963 1.550777 0.0 0.0 2.416107 4.132419138633345 1.414138 0.0 0.0
0.17372509837150574 0.6649804711341858 -0.1737251 -0.6649805 1.1617073 0.01286125 0.0 220.52475 1135.4403 218.3104 1.538624 1.161929 0.7551741 1.162349 0.0 0.0 2.961264 1.129349442533723 1.652181 3.141592653589793 3.141592653589793
0.5270078182220459 0.5137190818786621 0.5270078 0.5137191 1.7512369 -0.8762096 0.0 6.0610137 93.78604 249.35 2.323351 1.748774 0.7526948 1.109786 0.0 0.0 1.850795 5.97359396467386 1.20004 0.0 0.0
0.2685225009918213 0.21374990046024323 -0.2685225 -0.2137499 2.0182047 -0.542704 0.0 0.0 25.240562 240.431 2.614866 2.061196 0.7882607 4.776376 0.0 0.0 2.132859 0.5754600133515595 0.7023046 3.141592653589793 3.141592653589793
0.16568909585475922 0.2936137914657593 -0.1656891 0.2936138 1.408641 1.312897 0.0 7.940947 1086.2357 162.6508 2.284699 1.171385 0.5127087 1.543532 0.0 0.0 2.197263 0.8851942436305507 0.6118662 3.141592653589793 0.0
0.43437710404396057 0.5497729778289795 0.4343771 0.549773 1.4898497 0.7375226 0.0 0.0 2045.6677 228.7307 2.965408 1.040879 0.351007 0.5163053 0.0 0.0 0.3134963 1.7870408283344403 2.60885 0.0 0.0
0.5409294962882996 0.03565967082977295 0.5409295 0.03565967 1.869111 -0.8383875 0.0 0.0 284.5483 121.792 3.214434 1.477033 0.4595002 1.56478 0.0 0.0 5.118279 2.160496397118706 2.466936 0.0 0.0
0.7382227182388306 0.06014806032180786 -0.7382227 -0.06014806 1.8371669 -0.3312815 0.0 0.0 1232.6136 106.4035 4.213245 1.144526 0.27164954 1.236052 0.0 0.0 4.30843 6.056964871658643 2.408181 3.141592653589793 3.141592653589793
0.6492313146591187 0.44386380910873413 -0.6492313 -0.4438638 1.4539635 0.7495087 0.0 5.4096475 873.85876 237.9924 2.337506 1.218495 0.52127993 2.998875 0.0 3.141592653589793 1.24678 2.122168519723502 1.792285 3.141592653589793 3.141592653589793
0.6753935813903809 0.04489558935165405 -0.6753936 -0.04489559 1.9600153 -0.2224892 0.0 0.0 515.1444 163.0347 4.0154 1.337297 0.33304203 2.518948 0.0 3.141592653589793 3.817756 4.3821344142199194 2.331758 3.141592653589793 3.141592653589793
0.6248630285263062 0.14950279891490936 -0.624863 -0.1495028 1.7557214 -1.074413 0.0 0.0 2039.4319 122.8906 4.284588 1.041484 0.24307682 4.168725 0.0 -0.0 1.855078 1.0596500761459282 2.168422 3.141592653589793 3.141592653589793
0.06052742898464203 0.7368649244308472 -0.06052743 -0.7368649 1.3249947 0.3998653 0.0 217.29208 256.368 210.2445 1.542215 1.50214 0.9740147 1.202791 0.0 0.0 0.3847253 4.935775482314213 2.185856 3.141592653589793 3.141592653589793
0.14631439745426178 0.2739199995994568 -0.1463144 0.27392 1.9851635 -0.159612 0.0 0.0 616.4649 232.708 4.292831 1.296276 0.30196297 3.793848 0.0 -0.0 2.507592 4.913051341340335 1.724051 3.141592653589793 0.0
0.470843106508255 0.7401694059371948 0.4708431 -0.7401694 2.0455515 1.012227 0.0 0.0 247.89465 146.5292 3.810211 1.51026 0.39637175 0.7928134 0.0 0.0 5.355893 5.946574468413175 1.087433 0.0 3.141592653589793
0.605485200881958 0.4137761890888214 -0.6054852 0.4137762 1.1690212 1.001753 0.0 278.7098 871.5324 73.49425 1.482013 1.219079 0.8225832 3.481378 0.0 -0.0 1.311595 4.849634876402135 2.141514 3.141592653589793 0.0
0.4302966892719269 0.6068636775016785 -0.4302967 0.6068637 2.0277634 0.2189212 0.0 0.0 347.1077 202.6147 3.991967 1.429608 0.3581212 4.685053 0.0 -0.0 3.921283 2.1918729899481804 2.029628 3.141592653589793 0.0
0.40631920099258423 0.43967729806900024 0.4063192 0.4396773 1.9341608 -0.5283902 0.0 0.0 44.384686 226.5621 2.566908 1.93082 0.75219685 4.040039 0.0 -0.0 1.064969 2.398114243318716 1.00394 0.0 0.0
0.12033010274171829 0.1503800004720688 0.1203301 0.15038 1.5035826 -1.271596 0.0 4.1432004 648.86395 217.4275 2.365001 1.284694 0.54321074 3.11628 0.0 3.141592653589793 4.148952 3.6752892029909816 2.630466 0.0 0.0
0.2738994061946869 0.0457763597369194 0.2738994 0.04577636 1.811223 0.6201081 0.0 0.0 317.20056 78.70734 3.065882 1.451037 0.47328535 1.806443 0.0 3.141592653589793 6.060368 1.2251337797978508 2.653773 0.0 0.0
0.2654328942298889 0.6132060289382935 -0.2654329 0.613206 1.942076 -0.4943151 0.0 0.0 115.377365 239.4522 2.977572 1.697653 0.5701468 0.9607319 0.0 0.0 2.288456 0.42487671749122313 1.691449 3.141592653589793 0.0
0.14179019629955292 0.5189915895462036 0.1417902 -0.5189916 1.7583104 -0.5126033 0.0 0.0 1567.4286 93.53349 4.036338 1.094551 0.27117428 1.712903 0.0 3.141592653589793 0.8326861 0.48449979097213003 0.4538949 0.0 3.141592653589793
0.23667019605636597 0.004690180066972971 -0.2366702 0.00469018 1.3628014 -0.5734549 0.0 61.463703 531.31055 219.1525 1.852394 1.330192 0.71809345 4.126163 0.0 -0.0 1.115013 1.4801691021320025 1.287796 3.141592653589793 0.0
0.462992399930954 0.7309433221817017 -0.4629924 -0.7309433 1.5064182 0.2283968 0.0 83.47607 121.51054 92.34149 1.777455 1.684871 0.94791204 0.5740837 0.0 0.0 4.462401 5.313979769111185 0.3475714 3.141592653589793 3.141592653589793
0.4102571904659271 0.3933570086956024 0.4102572 0.393357 1.6860921 0.7445354 0.0 0.0 1062.1356 186.0494 3.362211 1.176192 0.34982696 1.865251 0.0 3.141592653589793 1.062916 0.7549695524548028 1.229724 0.0 0.0
0.5976725220680237 0.4216982126235962 0.5976725 -0.4216982 1.9911149 1.302081 0.0 0.0 27.454939 160.7398 2.568065 2.042374 0.79529685 3.515125 0.0 -0.0 0.5452745 0.007092199758425011 0.2783597 0.0 3.141592653589793
0.1232713982462883 0.4924721121788025 -0.1232714 0.4924721 1.2600347 0.4593835 0.0 70.395096 1129.6279 220.1962 1.819283 1.163022 0.63927495 0.05330912 0.0 0.0 5.32714 0.7687097399947547 2.082332 3.141592653589793 0.0
0.14470329880714417 0.40247079730033875 0.1447033 -0.4024708 1.5685328 0.8070672 0.0 0.0 1381.7219 192.9619 3.038932 1.120598 0.3687473 5.586567 0.0 0.0 1.901815 5.062793317076441 1.916365 0.0 3.141592653589793
0.33810698986053467 0.5952340960502625 -0.338107 0.5952341 2.0558069 0.4622813 0.0 0.0 64.82289 229.4058 3.07142 1.839431 0.5988862 0.2233986 0.0 0.0 0.8065141 2.46083310056283 2.300766 3.141592653589793 0.0
0.43235111236572266 0.25309839844703674 0.4323511 -0.2530984 1.5904607 0.04768844 0.0 0.0 408.76346 195.7583 2.436994 1.39105 0.57080567 4.074341 0.0 -0.0 3.951447 4.628234462016643 2.231315 0.0 3.141592653589793
0.25684040784835815 0.045348770916461945 -0.2568404 -0.04534877 1.9893191 -0.360266 0.0 0.0 64.52033 66.7332 2.86473 1.840572 0.6424941 4.815878 0.0 0.0 0.1874114 5.482065869834422 1.266827 3.141592653589793 3.141592653589793
0.7481486797332764 0.4715037941932678 0.7481487 0.4715038 1.7525733 -0.08125679 0.0 0.0 2362.1658 174.3095 4.423493 1.012648 0.22892497 2.149001 0.0 3.141592653589793 1.128695 3.5558855110911267 1.751812 0.0 0.0
0.6850920915603638 0.46702471375465393 0.6850921 -0.4670247 2.0616283 0.2126352 0.0 0.0 401.3397 192.5343 4.265387 1.39535 0.32713327 1.012687 0.0 0.0 5.011729 2.8908261846708214 1.903774 0.0 3.141592653589793
0.4677155911922455 0.685223400592804 -0.4677156 -0.6852234 1.7571208 -1.467696 0.0 21.023432 42.79547 194.4863 2.101199 1.939489 0.9230392 6.169916 0.0 0.0 6.221478 1.5244789729418926 1.001687 3.141592653589793 3.141592653589793
0.25469771027565 0.5602210164070129 0.2546977 -0.560221 1.5263219 0.3840567 0.0 0.0 589.7933 246.9912 2.396224 1.30632 0.5451577 4.398286 0.0 -0.0 1.0208 3.8500799168004036 1.655144 0.0 3.141592653589793
0.5548292994499207 0.517942488193512 0.5548293 0.5179425 1.4432989 -0.1585592 0.0 0.0 1857.0687 229.8042 2.704845 1.060165 0.3919504 3.477165 0.0 -0.0 3.988861 5.319612767537272 1.305218 0.0 0.0
0.09703720360994339 0.37143269181251526 -0.0970372 -0.3714327 1.678586 0.1768118 0.0 0.0 1005.986 173.8154 3.289619 1.187879 0.36109924 5.186991 0.0 0.0 3.246504 1.9691882201819908 1.756117 3.141592653589793 3.141592653589793
0.5286700129508972 0.3266373872756958 -0.52867 0.3266374 1.4761646 -0.6373985 0.0 0.0 862.13043 233.4193 2.40779 1.221457 0.5072938 3.285338 0.0 -0.0 0.2759702 4.742270609251953 0.4786214 3.141592653589793 0.0
0.702240526676178 0.35725998878479004 -0.7022405 0.35726 1.7529933 -1.162934 0.0 0.0 963.30145 74.66615 3.586848 1.197258 0.3337911 5.941455 0.0 0.0 0.09109243 2.3633893837774167 0.9633799 3.141592653589793 0.0
0.65013188123703 0.04783470928668976 -0.6501319 -0.04783471 1.1523005 0.433329 0.0 147.17882 1690.4022 243.4915 1.637626 1.079143 0.6589679 2.547693 0.0 3.141592653589793 0.4355635 1.8114315159124317 1.873049 3.141592653589793 3.141592653589793
0.3112258017063141 0.37850821018218994 -0.3112258 0.3785082 1.4788039 -0.8778154 0.0 44.1953 260.2538 240.7971 1.931838 1.49851 0.77569133 0.9799986 0.0 0.0 1.672369 0.9757076339388959 2.55696 3.141592653589793 0.0
0.6753227710723877 0.4776653051376343 0.6753228 -0.4776653 1.9425625 0.8480776 0.0 0.0 124.83284 186.5237 3.017771 1.678215 0.5561108 2.536846 0.0 3.141592653589793 2.443847 3.038194615228008 2.181983 0.0 3.141592653589793
0.597835123538971 0.7251511812210083 0.5978351 0.7251512 1.6522179 0.5167402 0.0 40.752216 62.981834 122.3754 1.951075 1.846454 0.9463778 3.358201 0.0 -0.0 2.40053 3.338690167185291 1.489105 0.0 0.0
0.09021467715501785 0.29257020354270935 -0.09021468 -0.2925702 1.6455036 0.3055619 0.0 0.0 471.68073 200.8882 2.692826 1.357664 0.5041781 3.144197 0.0 -0.0 0.962745 4.585670507201598 0.8432315 3.141592653589793 3.141592653589793
0.48970580101013184 0.28884419798851013 -0.4897058 -0.2888442 1.0472398 -0.6374874 0.0 501.21765 1686.5194 211.7317 1.343614 1.07961 0.80351204 5.946266 0.0 0.0 4.376483 6.23683332227813 1.820534 3.141592653589793 3.141592653589793
0.059931330382823944 0.6031932830810547 0.05993133 -0.6031933 1.7956886 0.6031221 0.0 3.0565224 78.90248 164.7258 2.384939 1.791306 0.75109094 3.019981 0.0 3.141592653589793 4.884244 4.318535911815729 2.485328 0.0 3.141592653589793
0.5087763071060181 0.13590900599956512 0.5087763 0.135909 1.6834145 0.2996078 0.0 0.0 1819.0729 194.1586 3.78981 1.064318 0.28083676 1.010249 0.0 0.0 0.2899331 5.5831935058173485 0.6439739 0.0 0.0
0.7005152702331543 0.4789949059486389 0.7005153 -0.4789949 1.7332147 -0.1222772 0.0 4.617732 117.839836 215.6569 2.354841 1.692441 0.71870714 2.781095 0.0 3.141592653589793 6.003222 5.971446122793736 1.752743 0.0 3.141592653589793
0.06642325222492218 0.6785861849784851 0.06642325 0.6785862 1.7034609 0.1640052 0.0 0.0 1688.7139 164.7112 3.824467 1.079346 0.2822213 2.462749 0.0 3.141592653589793 5.714771 5.130358994990843 1.543632 0.0 0.0
0.6820675134658813 0.26038670539855957 -0.6820675 -0.2603867 1.4741508 -0.5583179 0.0 49.759605 247.69992 219.6762 1.90348 1.51045 0.7935203 0.9503581 0.0 0.0 2.71904 5.998509519276581 0.5767725 3.141592653589793 3.141592653589793
0.746509313583374 0.0883680135011673 0.7465093 0.08836801 1.4930491 0.2400926 0.0 16.427153 428.98587 222.7432 2.152898 1.379749 0.6408798 4.075593 0.0 -0.0 3.842786 5.19900089951409 2.215696 0.0 0.0
0.7263532280921936 0.7422481179237366 0.7263532 0.7422481 1.4359368 -0.1090111 0.0 47.00859 353.33133 69.97929 1.917112 1.425396 0.7435121 0.8025984 0.0 0.0 4.027272 5.810040940000931 1.419152 0.0 0.0
0.2990739047527313 0.1571623980998993 0.2990739 0.1571624 2.025363 0.3070448 0.0 0.0 262.16226 91.96509 3.76843 1.496748 0.3971808 1.894535 0.0 3.141592653589793 2.527616 0.568148862554473 1.555839 0.0 0.0
0.5089458227157593 0.01408314984291792 -0.5089458 0.01408315 1.7102377 -0.7328869 0.0 0.0 214.6135 177.9099 2.527776 1.545233 0.6113014 4.274769 0.0 -0.0 5.987911 1.3929029889244262 0.471771 3.141592653589793 0.0
0.46585801243782043 0.010685520246624947 -0.465858 -0.01068552 1.9034176 0.1192604 0.0 0.0 42.31316 147.4618 2.468521 1.942178 0.786778 0.6166738 0.0 0.0 0.7332962 4.753837158785565 2.528099 3.141592653589793 3.141592653589793
0.4258143901824951 0.1558130979537964 0.4258144 -0.1558131 1.9174843 -0.4539771 0.0 0.0 152.96466 232.6079 3.037344 1.628138 0.53604 0.7277548 0.0 0.0 0.2660294 4.314253819595571 1.764536 0.0 3.141592653589793
0.15199589729309082 0.5826730132102966 0.1519959 0.582673 1.5679551 0.5196626 0.0 45.641174 120.284744 191.9203 1.924165 1.687373 0.8769378 5.608392 0.0 0.0 2.897115 5.592493611008059 1.739175 0.0 0.0
0.6703463792800903 0.684659481048584 -0.6703464 -0.6846595 1.2292893 1.088201 0.0 127.799866 956.19055 161.1286 1.67242 1.198865 0.7168445 3.966384 0.0 -0.0 2.135124 3.4406741445112416 1.144298 3.141592653589793 3.141592653589793
0.3144207000732422 0.6948150992393494 -0.3144207 0.6948151 1.954492 -0.01798798 0.0 0.0 27.047598 229.8721 2.468279 2.045738 0.8288115 6.023301 0.0 0.0 1.678541 4.891326467941646 1.62113 3.141592653589793 0.0
0.7179824709892273 0.255546897649765 0.7179825 -0.2555469 1.4448476 0.4221055 0.0 0.0 1121.048 249.8883 2.428471 1.164647 0.47958034 1.941568 0.0 3.141592653589793 0.5102153 2.3584628955459976 0.9673942 0.0 3.141592653589793
0.019070910289883614 0.12420859932899475 0.01907091 -0.1242086 1.8784152 -0.1374753 0.0 0.0 565.05646 241.1077 3.725943 1.316088 0.3532228 2.01236 0.0 3.141592653589793 0.7598714 5.518538813745501 2.246212 0.0 3.141592653589793
0.14503279328346252 0.47742751240730286 0.1450328 0.4774275 1.7398398 1.198245 0.0 0.0 480.12747 165.8182 3.047037 1.353551 0.44421878 4.604036 0.0 -0.0 1.94929 4.836148142056437 2.395983 0.0 0.0
0.6450783014297485 0.3788076937198639 -0.6450783 -0.3788077 1.7642765 0.1040183 0.0 7.008456 79.71279 203.3006 2.303398 1.788796 0.77659005 1.537299 0.0 0.0 1.506557 1.2152146059844 1.58097 3.141592653589793 3.141592653589793
0.14289590716362 0.5184805989265442 0.1428959 0.5184806 1.95209 -0.9789634 0.0 0.0 676.7064 158.851 4.219035 1.275234 0.30225727 0.2684327 0.0 0.0 4.059286 0.5995261960516274 2.828136 0.0 0.0
0.6336771249771118 0.7443249821662903 -0.6336771 -0.744325 1.8772975 0.9283171 0.0 0.0 92.21276 241.9439 2.676523 1.752944 0.6549333 5.548862 0.0 0.0 5.414982 6.009644102682024 0.6257108 3.141592653589793 3.141592653589793
0.15966080129146576 0.6157125234603882 -0.1596608 0.6157125 1.8914995 0.122994 0.0 0.0 396.34708 126.1501 3.517962 1.39829 0.3974716 3.776181 0.0 -0.0 5.335541 0.8040083672268139 1.856235 3.141592653589793 0.0
0.41002610325813293 0.43560630083084106 -0.4100261 -0.4356063 1.572103 0.111899 0.0 0.0 424.85556 223.2094 2.39524 1.38201 0.57698184 4.066878 0.0 -0.0 0.2550606 0.14174213809299374 0.4414168 3.141592653589793 3.141592653589793
0.12467169761657715 0.08231289684772491 0.1246717 0.0823129 1.5480164 0.312338 0.0 25.00043 220.12779 223.1107 2.063319 1.539062 0.7459157 3.450481 0.0 -0.0 1.237478 0.938304287515237 0.5900301 0.0 0.0
0.6691898107528687 0.34124600887298584 -0.6691898 -0.341246 1.426135 0.07988794 0.0 6.0582695 1037.1913 93.78967 2.32341 1.181297 0.5084324 0.946153 0.0 0.0 0.7794586 0.33309868844644797 0.6998546 3.141592653589793 3.141592653589793
0.6272588968276978 0.19685450196266174 -0.6272589 -0.1968545 1.8872565 -0.08739937 0.0 0.0 101.149635 108.574 2.745252 1.730133 0.63022745 4.564965 0.0 -0.0 2.284035 4.710055402264587 0.9033807 3.141592653589793 3.141592653589793
0.30095571279525757 0.3314962089061737 -0.3009557 0.3314962 1.5145789 0.2404709 0.0 0.0 794.0633 183.7156 2.501587 1.239576 0.49551585 2.37536 0.0 3.141592653589793 4.816035 2.003601127728942 1.177863 3.141592653589793 0.0
0.6697744727134705 0.6486595869064331 -0.6697745 0.6486596 1.8383355 0.2800203 0.0 0.0 1732.9594 155.6668 4.574001 1.074103 0.23482789 3.797069 0.0 -0.0 0.5530303 0.20253508003207088 2.515687 3.141592653589793 0.0
0.24540680646896362 0.1368371993303299 -0.2454068 0.1368372 1.851816 1.016929 0.0 0.0 553.18616 248.1804 3.594445 1.320942 0.36749542 1.250134 0.0 0.0 1.307087 4.70574546252017 1.350442 3.141592653589793 0.0
0.05656827986240387 0.6225612759590149 -0.05656828 -0.6225613 1.9498898 -0.1937301 0.0 0.0 24.738304 147.091 2.431936 2.065656 0.84938747 1.504355 0.0 0.0 1.148516 5.9281256016430035 1.456416 3.141592653589793 3.141592653589793
0.479539692401886 0.015917930752038956 -0.4795397 -0.01591793 1.8779427 0.371973 0.0 0.0 42.05745 155.2789 2.399545 1.943615 0.80999315 2.919908 0.0 3.141592653589793 3.416782 2.698410183223203 1.020267 3.141592653589793 3.141592653589793
0.47368308901786804 0.11477389931678772 -0.4736831 0.1147739 1.7869041 -1.457686 0.0 0.0 2226.0508 197.2193 4.557031 1.02423 0.22475818 5.093201 0.0 0.0 0.2020167 2.358042801606466 1.157048 3.141592653589793 0.0
0.6323176026344299 0.14979520440101624 -0.6323176 0.1497952 2.025847 0.4341004 0.0 0.0 15.990945 228.8939 2.511894 2.158356 0.8592544 4.815648 0.0 0.0 4.946012 5.4288842796405135 1.7324 3.141592653589793 0.0
0.6256790161132812 0.18902359902858734 -0.625679 -0.1890236 1.611666 -0.8275793 0.0 0.0 963.0171 71.09337 2.979974 1.197322 0.4017894 1.122378 0.0 0.0 4.648376 2.3896230669413896 1.83971 3.141592653589793 3.141592653589793
0.6839591264724731 0.15040990710258484 -0.6839591 -0.1504099 1.8878769 -0.7111058 0.0 0.0 377.70026 176.9803 3.469821 1.409633 0.40625528 6.225581 0.0 0.0 0.9955183 3.9438073801209654 0.8040794 3.141592653589793 3.141592653589793
0.622225284576416 0.5186939835548401 -0.6222253 -0.518694 1.8623539 -0.4668061 0.0 0.0 473.88312 148.7285 3.525194 1.356584 0.38482535 1.263348 0.0 0.0 2.56113 6.181781169699278 0.6631917 3.141592653589793 3.141592653589793
0.6525834202766418 0.5709127187728882 -0.6525834 0.5709127 1.2585618 0.4225873 0.0 255.12753 409.3165 240.8706 1.503311 1.390733 0.92511326 0.6093099 0.0 0.0 6.012059 0.174410983010425 1.75036 3.141592653589793 0.0
0.6725811958312988 0.13490049540996552 0.6725812 -0.1349005 1.7295502 -0.4085955 0.0 0.0 269.95325 146.8082 2.695958 1.489692 0.552565 0.7969199 0.0 0.0 2.260424 0.628419336593474 2.425938 0.0 3.141592653589793
0.06642909348011017 0.0594903789460659 0.06642909 -0.05949038 2.0376828 0.3620167 0.0 0.0 53.11545 241.9999 2.930227 1.887767 0.6442391 2.765505 0.0 3.141592653589793 0.8774245 3.838957829277028 1.206849 0.0 3.141592653589793
0.02853279933333397 0.4619602859020233 0.0285328 -0.4619603 1.9993069 -0.5019499 0.0 0.0 172.34206 232.4517 3.391285 1.598841 0.4714558 5.106217 0.0 0.0 5.988185 3.4535933290097134 2.689759 0.0 3.141592653589793
0.08347394317388535 0.20947909355163574 -0.08347394 0.2094791 2.0739486 -0.3607278 0.0 0.0 19.817514 178.9562 2.692814 2.113835 0.7849911 0.4560938 0.0 0.0 3.642397 1.935893460780612 1.746715 3.141592653589793 0.0
0.49263349175453186 0.476650208234787 0.4926335 0.4766502 1.9806061 0.03634752 0.0 0.0 175.29568 103.0362 3.333363 1.594675 0.4783982 6.182964 0.0 0.0 2.073542 0.7132618816465808 1.207157 0.0 0.0
0.44379499554634094 0.5853161215782166 0.443795 0.5853161 2.0465717 0.1920618 0.0 0.0 60.345737 234.9566 3.011012 1.856858 0.61668897 5.614972 0.0 0.0 0.2410835 4.710822063388882 2.132378 0.0 0.0
0.5337309837341309 0.125621497631073 0.533731 -0.1256215 1.7736627 0.4242874 0.0 0.0 154.43883 164.084 2.580393 1.625779 0.6300509 1.798862 0.0 3.141592653589793 1.110932 4.991251493753047 1.654873 0.0 3.141592653589793
0.16031189262866974 0.5748339891433716 -0.1603119 0.574834 1.7918164 -0.2043748 0.0 0.0 2108.6418 243.976 4.525012 1.034884 0.22870304 3.920605 0.0 -0.0 4.232341 4.591797308304926 0.1768573 3.141592653589793 0.0
0.747813880443573 0.6886085867881775 -0.7478139 -0.6886086 1.6606183 -1.050467 0.0 0.0 272.7004 222.4953 2.478384 1.487255 0.6000906 0.06802156 0.0 0.0 0.9802161 3.1846533756104733 2.071306 3.141592653589793 3.141592653589793
0.7107393145561218 0.05200827121734619 0.7107393 -0.05200827 1.7998257 1.049167 0.0 0.0 84.25499 179.906 2.419392 1.77517 0.7337256 3.25684 0.0 -0.0 3.58337 1.4532746042646352 1.278227 0.0 3.141592653589793
0.7146173715591431 0.07279127091169357 0.7146174 -0.07279127 2.0741816 0.764214 0.0 0.0 524.3342 192.7623 4.574071 1.333229 0.29147536 0.9932449 0.0 0.0 1.120248 1.2593791218646686 1.204656 0.0 3.141592653589793
0.11941149830818176 0.5602558255195618 0.1194115 0.5602558 2.0835834 -0.6340809 0.0 0.0 186.41278 218.3933 3.761301 1.579618 0.41996583 3.683247 0.0 -0.0 2.590605 1.996372825579357 1.230826 0.0 0.0
0.3673382103443146 0.009196635335683823 0.3673382 0.009196635 1.8852501 0.4069138 0.0 0.0 170.26144 194.3081 2.984071 1.60182 0.5367902 5.062564 0.0 0.0 2.270677 4.560059571616698 1.424239 0.0 0.0
0.6642032861709595 0.7340173125267029 -0.6642033 -0.7340173 1.5585881 0.7445375 0.0 0.0 1059.076 248.1446 2.827093 1.176811 0.41626188 4.889521 0.0 0.0 3.112593 3.451854420047134 0.3101625 3.141592653589793 3.141592653589793
0.676752507686615 0.13948379456996918 -0.6767525 -0.1394838 2.0592437 -0.6041707 0.0 0.0 112.75841 214.1992 3.360223 1.70332 0.5069068 2.836795 0.0 3.141592653589793 1.649359 3.1135056948622193 2.281372 3.141592653589793 3.141592653589793
0.09675128012895584 0.6315662860870361 0.09675128 0.6315663 1.8605164 0.9232063 0.0 0.0 944.8129 208.5046 4.079195 1.201464 0.2945346 0.2482802 0.0 0.0 3.393052 6.022623643649972 1.359161 0.0 0.0
0.7154433727264404 0.35143089294433594 -0.7154434 -0.3514309 1.3548514 -0.6987088 0.0 59.874554 577.78217 124.7326 1.858763 1.311006 0.705311 4.157249 0.0 -0.0 1.852949 5.899963458075767 1.601369 3.141592653589793 3.141592653589793
0.04504594951868057 0.4169321060180664 0.04504595 -0.4169321 1.7985939 -0.3989111 0.0 10.65265 48.1084 199.7893 2.235727 1.911576 0.85501313 5.524743 0.0 0.0 6.038273 5.265873340023795 1.23819 0.0 3.141592653589793
0.4323318898677826 0.6878467202186584 0.4323319 -0.6878467 1.9284742 0.6644999 0.0 0.0 473.03757 158.9729 3.80533 1.356998 0.35660455 3.50004 0.0 -0.0 0.7972092 0.049329732905363244 2.512408 0.0 3.141592653589793
0.6505494713783264 0.4035212993621826 -0.6505495 0.4035213 1.7670203 -1.230113 0.0 13.681993 53.938293 214.4484 2.189224 1.884056 0.86060447 4.475361 0.0 -0.0 0.5837706 1.0060345978968428 0.5829961 3.141592653589793 0.0
0.7494624853134155 0.7163838744163513 -0.7494625 0.7163839 2.002131 -1.196808 0.0 0.0 23.632336 181.0512 2.553594 2.075752 0.8128747 2.411111 0.0 3.141592653589793 3.284357 1.881495919002674 1.042712 3.141592653589793 0.0
0.2713601887226105 0.1475737988948822 -0.2713602 0.1475738 1.9339324 -0.1505704 0.0 0.0 161.44283 207.8936 3.121943 1.614877 0.51726663 3.789895 0.0 -0.0 1.128166 4.635788684402115 3.05766 3.141592653589793 0.0
0.3813571035861969 0.29077669978141785 -0.3813571 0.2907767 1.8103147 -0.4609921 0.0 0.0 496.1133 168.4899 3.344098 1.345977 0.40249327 2.845844 0.0 3.141592653589793 4.769732 4.982994871686792 1.949897 3.141592653589793 0.0
0.44723570346832275 0.4493483006954193 0.4472357 -0.4493483 1.5656344 0.7934649 0.0 7.5729966 350.99176 207.9911 2.291969 1.42697 0.62259567 2.304397 0.0 3.141592653589793 5.458743 1.0022961064792355 0.961493 0.0 3.141592653589793
0.010213100351393223 0.7327945828437805 -0.0102131 -0.7327946 1.8588374 -1.254576 0.0 0.0 94.510124 193.3047 2.631809 1.746878 0.66375566 2.377283 0.0 3.141592653589793 2.564909 4.641766551311349 1.215418 3.141592653589793 3.141592653589793
0.1699834018945694 0.16102130711078644 0.1699834 -0.1610213 1.8306487 0.161165 0.0 0.0 1068.2202 221.7102 4.044415 1.174967 0.29051596 5.038973 0.0 0.0 6.248884 4.163656323839433 1.527914 0.0 3.141592653589793
0.6233981847763062 0.3091292977333069 -0.6233982 0.3091293 1.8526981 -0.7259498 0.0 0.0 1806.417 148.5516 4.703223 1.065723 0.22659416 0.9743072 0.0 0.0 3.380518 3.4225193759744172 1.249335 3.141592653589793 0.0
0.5407425761222839 0.6376485824584961 -0.5407426 -0.6376486 1.8583527 -0.08691221 0.0 0.0 74.26487 211.3013 2.537504 1.806173 0.7117912 3.954443 0.0 -0.0 4.59071 5.126265193056071 2.077621 3.141592653589793 3.141592653589793
0.3479698896408081 0.47747960686683655 -0.3479699 -0.4774796 1.5182132 0.2464316 0.0 7.149478 506.44693 242.6204 2.300508 1.34122 0.5830104 1.197404 0.0 0.0 0.672759 3.262308024259738 2.395371 3.141592653589793 3.141592653589793
0.08634238690137863 0.6412317752838135 -0.08634239 0.6412318 1.3500024 -0.2288889 0.0 19.734613 1158.2883 176.4184 2.114726 1.157692 0.547443 3.29099 0.0 -0.0 1.142277 5.3821001585424995 1.166169 3.141592653589793 0.0
0.5431085228919983 0.15762090682983398 -0.5431085 0.1576209 1.5729034 0.4088921 0.0 38.832363 131.32231 230.2234 1.96245 1.665714 0.8487931 2.804071 0.0 3.141592653589793 1.444655 1.5523653261345842 1.470341 3.141592653589793 0.0
0.23767299950122833 0.41869691014289856 -0.237673 0.4186969 1.8613641 0.9537407 0.0 6.0806065 37.488216 88.9981 2.322929 1.970721 0.84837765 5.892789 0.0 0.0 5.217774 0.6375594953290218 1.822304 3.141592653589793 0.0
0.039779238402843475 0.31546908617019653 0.03977924 0.3154691 1.9869621 -0.4381879 0.0 0.0 22.429853 163.018 2.499982 2.087183 0.83487916 5.8366 0.0 0.0 0.2138322 2.2295015550928454 2.003843 0.0 0.0
0.22138050198554993 0.310539186000824 -0.2213805 0.3105392 1.7260351 -0.5083961 0.0 0.0 658.47235 247.8701 3.194126 1.28138 0.40116766 5.332974 0.0 0.0 6.210008 6.258000187310728 1.718768 3.141592653589793 0.0
0.48613241314888 0.12644900381565094 0.4861324 0.126449 1.5559279 0.8348114 0.0 20.641916 232.96353 175.7419 2.105132 1.525302 0.7245636 1.994445 0.0 3.141592653589793 2.386559 0.5132108638365551 1.23928 0.0 0.0
0.12694430351257324 0.059507790952920914 0.1269443 0.05950779 1.9057041 0.7808082 0.0 0.0 1139.528 167.971 4.494669 1.161164 0.2583425 5.231322 0.0 0.0 1.524582 3.711485557826798 0.9351197 0.0 0.0
0.3260616958141327 0.10810080170631409 -0.3260617 0.1081008 1.725609 -0.4332064 0.0 0.0 250.72989 198.2626 2.647486 1.507511 0.5694123 5.184971 0.0 0.0 0.9984569 1.3326160397712172 3.067959 3.141592653589793 0.0
0.19781750440597534 0.5888599753379822 -0.1978175 -0.58886 1.3856884 0.5043455 0.0 10.0961 1182.2672 160.3573 2.245154 1.153344 0.51370376 2.270527 0.0 3.141592653589793 1.415323 0.272249804548899 2.236752 3.141592653589793 3.141592653589793
0.6227114200592041 0.2024185061454773 -0.6227114 0.2024185 1.738358 0.07020433 0.0 0.0 342.27567 176.1458 2.847821 1.432934 0.5031686 0.2823161 0.0 0.0 6.144096 1.7037003341258767 0.9546574 3.141592653589793 0.0
0.5436602234840393 0.3121928870677948 -0.5436602 -0.3121929 1.4943004 -0.6622834 0.0 16.79689 420.09592 211.4506 2.148354 1.384645 0.6445143 0.07575067 0.0 0.0 2.43763 5.750298013533445 0.6270427 3.141592653589793 3.141592653589793
0.5866013765335083 0.26866400241851807 0.5866014 0.268664 2.053044 -0.2389152 0.0 0.0 11.45105 203.5331 2.503994 2.222713 0.88766706 2.876336 0.0 3.141592653589793 1.341457 5.346807349285207 1.497965 0.0 0.0
0.38959410786628723 0.44174009561538696 -0.3895941 -0.4417401 1.7188444 -0.1132597 0.0 0.0 1797.9957 245.0328 3.961213 1.066664 0.2692771 1.483685 0.0 0.0 3.479071 3.4468148778553385 2.023978 3.141592653589793 3.141592653589793
0.13715510070323944 0.12643380463123322 -0.1371551 0.1264338 1.802202 -1.24042 0.0 0.0 91.800255 212.2751 2.457157 1.754049 0.71385306 5.843746 0.0 0.0 0.3864749 1.0090805052950458 1.17731 3.141592653589793 0.0
0.519497275352478 0.1494636982679367 0.5194973 0.1494637 1.5447441 0.3614597 0.0 0.0 525.93555 68.39117 2.403809 1.332528 0.5543402 4.615248 0.0 -0.0 3.054436 1.9354361439090866 1.659441 0.0 0.0
0.3983176052570343 0.28092271089553833 0.3983176 -0.2809227 1.8985255 0.8448688 0.0 13.834831 14.742611 157.2923 2.187071 2.174616 0.9943052 2.751763 0.0 3.141592653589793 2.913127 2.76585866902429 1.956114 0.0 3.141592653589793
0.03992560878396034 0.4022980034351349 -0.03992561 -0.402298 1.970672 0.06582614 0.0 0.0 71.0057 222.1184 2.848366 1.817169 0.6379689 1.274189 0.0 0.0 2.890937 4.379983434440199 2.046607 3.141592653589793 3.141592653589793
0.11779999732971191 0.529801070690155 -0.1178 0.5298011 1.2492733 -0.5416973 0.0 38.295197 1794.5098 234.0955 1.965724 1.067055 0.5428305 4.967693 0.0 0.0 3.920238 5.697853191363954 1.238521 3.141592653589793 0.0
0.3176375925540924 0.6237940192222595 -0.3176376 -0.623794 1.4440242 0.3633033 0.0 3.093268 1033.3077 245.1284 2.384425 1.182104 0.49576062 4.737156 0.0 0.0 2.23068 1.745451877291984 0.6933022 3.141592653589793 3.141592653589793
0.7000855803489685 0.16562670469284058 -0.7000856 -0.1656267 1.8259381 0.8964153 0.0 0.0 183.71587 249.2431 2.825111 1.583184 0.5603971 5.199611 0.0 0.0 5.781011 3.7584752624109186 1.56921 3.141592653589793 3.141592653589793
0.3048827052116394 0.4764423072338104 -0.3048827 0.4764423 1.8518357 -1.092115 0.0 0.0 642.8401 214.8555 3.710191 1.286799 0.34682822 4.921332 0.0 0.0 4.353269 3.1360914925225956 1.111544 3.141592653589793 0.0
0.4194304049015045 0.24012619256973267 0.4194304 0.2401262 1.3016704 -1.16371 0.0 13.249746 1992.6761 183.1641 2.195408 1.046088 0.47648907 0.175719 0.0 0.0 3.68512 3.8327627782764324 1.123519 0.0 0.0
0.14099690318107605 0.3773055970668793 0.1409969 -0.3773056 1.7838188 -0.6313706 0.0 0.0 1959.1329 209.7572 4.399276 1.049467 0.23855448 0.4308187 0.0 0.0 3.403788 5.0267393012193295 2.223386 0.0 3.141592653589793
0.5060182809829712 0.08524905145168304 -0.5060183 -0.08524905 1.9426191 -0.00374926 0.0 0.0 688.972 249.4325 4.189748 1.271201 0.30340752 2.591123 0.0 3.141592653589793 0.1071364 3.8136083477638607 1.851989 3.141592653589793 3.141592653589793
0.2827647030353546 0.2082459032535553 -0.2827647 0.2082459 1.815933 0.3069049 0.0 0.0 1149.2328 177.6955 4.038535 1.15936 0.2870744 2.195078 0.0 3.141592653589793 3.356391 5.301850615783458 0.6150497 3.141592653589793 0.0
0.4757930040359497 0.5713706016540527 0.475793 0.5713706 1.9617374 -0.528318 0.0 0.0 144.37065 131.2166 3.157473 1.642369 0.520153 2.83482 0.0 3.141592653589793 3.296737 0.008952680602291707 2.205244 0.0 0.0
0.28057289123535156 0.10100989788770676 -0.2805729 0.1010099 1.5521089 0.1597619 0.0 0.0 629.6033 141.967 2.515591 1.291501 0.5133987 6.098733 0.0 0.0 5.614447 0.9430306802878334 1.656486 3.141592653589793 0.0
0.28972819447517395 0.3913913071155548 0.2897282 0.3913913 1.9344033 -0.6927831 0.0 0.0 1269.8397 147.6655 4.769574 1.13826 0.23865023 0.2824149 0.0 0.0 2.946074 2.343177519554942 2.102654 0.0 0.0
0.06658578664064407 0.4542311131954193 -0.06658579 -0.4542311 1.7381234 0.03109801 0.0 0.0 323.524 215.504 2.816965 1.446332 0.51343626 0.1455505 0.0 0.0 0.7168279 3.0852328026430627 1.938599 3.141592653589793 3.141592653589793
0.09803366661071777 0.5666400194168091 -0.09803367 0.56664 1.7007846 0.4457508 0.0 5.182693 145.90558 182.7123 2.342484 1.639765 0.7000112 0.6333138 0.0 0.0 6.2216 0.48202055480759043 1.40996 3.141592653589793 0.0
0.41097989678382874 0.047660499811172485 0.4109799 -0.0476605 1.4747392 0.1032105 0.0 58.621452 217.12604 235.0318 1.863899 1.542401 0.82751316 2.362751 0.0 3.141592653589793 3.827923 4.263517763907643 1.342656 0.0 3.141592653589793
0.21740449965000153 0.6746066808700562 -0.2174045 -0.6746067 1.4025861 -1.167966 0.0 0.0 2319.9443 198.6724 2.672173 1.016158 0.38027403 4.940667 0.0 0.0 4.751484 2.7143537514693747 2.27237 3.141592653589793 3.141592653589793
0.6700637936592102 0.271129310131073 -0.6700638 0.2711293 1.6747864 -0.1508138 0.0 0.0 566.3095 208.0546 2.900309 1.315582 0.45360065 5.768461 0.0 0.0 4.648702 1.3865612943391028 1.904015 3.141592653589793 0.0
0.3931627869606018 0.03188484162092209 -0.3931628 0.03188484 1.6965092 0.2540295 0.0 0.0 2302.7996 191.6594 4.081839 1.017604 0.24930038 0.05810984 0.0 0.0 4.639435 0.3054919748344318 0.3969488 3.141592653589793 0.0
0.44718098640441895 0.14118529856204987 0.447181 0.1411853 1.6758469 -0.004433885 0.0 8.329572 148.02194 232.553 2.277199 1.63622 0.718523 1.550477 0.0 0.0 0.7821531 3.20566182920264 1.669622 0.0 0.0
0.5447810292243958 0.1825316995382309 0.544781 0.1825317 1.474192 -0.2403957 0.0 0.0 1388.4392 222.0627 2.65572 1.119589 0.42157644 0.02476465 0.0 0.0 0.7569921 5.343592165319919 2.894527 0.0 0.0
0.009110178798437119 0.21545879542827606 0.009110179 -0.2154588 1.7179617 1.052503 0.0 0.0 270.42123 205.8891 2.658624 1.489275 0.5601676 5.326626 0.0 0.0 3.403565 0.4198510223020193 0.898198 0.0 3.141592653589793
0.6931766867637634 0.6527553200721741 -0.6931767 -0.6527553 1.4137571 -0.02169052 0.0 0.0 2498.8308 232.106 2.766318 1.001757 0.36212647 3.544007 0.0 -0.0 4.27789 5.95410434388576 2.369329 3.141592653589793 3.141592653589793
0.13236190378665924 0.19507069885730743 0.1323619 -0.1950707 1.238027 0.2472196 0.0 353.88657 362.66962 141.1129 1.425024 1.419222 0.99592847 6.230282 0.0 0.0 2.578666 5.420638406741986 2.505963 0.0 3.141592653589793
0.7292979955673218 0.6648213863372803 -0.729298 -0.6648214 2.095014 0.1895983 0.0 0.0 329.48663 188.7199 4.246311 1.441984 0.33958513 2.518815 0.0 3.141592653589793 4.50597 1.1294399676068778 1.432103 3.141592653589793 3.141592653589793
0.4932014048099518 0.012162240222096443 -0.4932014 -0.01216224 1.2794753 -0.3727098 0.0 20.080685 1972.2887 157.8224 2.111026 1.048134 0.49650452 5.363711 0.0 0.0 4.950438 4.673588390409336 1.225338 3.141592653589793 3.141592653589793
0.2812007963657379 0.0056677148677408695 -0.2812008 -0.005667715 1.8298405 -0.7620763 0.0 0.0 2468.9028 158.5342 4.938223 1.004083 0.20332882 4.261338 0.0 -0.0 4.872681 2.0430685302951233 0.1707918 3.141592653589793 3.141592653589793
0.3090643882751465 0.2208070009946823 -0.3090644 0.220807 1.392523 -0.8337173 0.0 33.55135 623.85126 219.5398 1.996562 1.293578 0.6479028 5.321854 0.0 0.0 5.513219 0.5281311461828508 2.254127 3.141592653589793 0.0
0.6855335831642151 0.33497869968414307 -0.6855336 -0.3349787 1.8236365 0.03643842 0.0 0.0 1562.9163 191.5399 4.38116 1.095142 0.24996623 3.542067 0.0 -0.0 2.582347 2.3260475624799355 1.708512 3.141592653589793 3.141592653589793
0.6685190796852112 0.468082994222641 0.6685191 0.468083 1.832523 0.1011347 0.0 0.0 1179.421 220.2134 4.146729 1.153855 0.27825665 5.742183 0.0 0.0 6.005262 5.219334712771079 1.233836 0.0 0.0
0.5846232771873474 0.43618449568748474 -0.5846233 0.4361845 1.8258226 -0.3527193 0.0 0.0 2448.9587 211.1651 4.903279 1.005651 0.20509766 5.940704 0.0 0.0 3.636827 5.595099371547541 1.488084 3.141592653589793 0.0
0.3256922960281372 0.7321372032165527 0.3256923 0.7321372 1.7933214 0.1014077 0.0 0.0 861.56464 121.1355 3.681119 1.221601 0.3318559 1.36922 0.0 0.0 0.4079417 0.4425167813164421 1.028125 0.0 0.0
0.0392531082034111 0.2916702926158905 -0.03925311 0.2916703 1.9157745 -0.8106411 0.0 0.0 55.147705 155.9005 2.591068 1.878697 0.72506666 0.4193119 0.0 0.0 5.134884 5.209644431971093 1.477418 3.141592653589793 0.0
0.5851939916610718 0.712032675743103 0.585194 -0.7120327 1.2682267 -0.08413157 0.0 29.689026 1773.4277 169.757 2.024651 1.069438 0.52820855 1.486918 0.0 0.0 0.5507575 1.7529423577022598 1.806828 0.0 3.141592653589793
0.5121294856071472 0.4053153097629547 0.5121295 0.4053153 2.0536697 -0.7406979 0.0 2.9941502 5.6329203 109.4296 2.385837 2.332617 0.9776934 5.234483 0.0 0.0 3.599245 3.094747976366044 1.404002 0.0 0.0
0.44656139612197876 0.6453582048416138 -0.4465614 -0.6453582 1.5930836 -0.1944066 0.0 0.0 602.84357 227.8325 2.636997 1.301345 0.49349508 1.105364 0.0 0.0 4.579558 3.740091907437737 1.714408 3.141592653589793 3.141592653589793
0.19579030573368073 0.2596110999584198 0.1957903 -0.2596111 2.0552008 1.110031 0.0 0.0 410.06448 148.14 4.254694 1.390305 0.32676968 2.227694 0.0 3.141592653589793 1.185706 2.2547697766271426 0.7818061 0.0 3.141592653589793
0.48796528577804565 0.43170079588890076 0.4879653 -0.4317008 1.6643505 0.07767128 0.0 0.0 989.54254 170.7461 3.216805 1.191439 0.37037963 5.969743 0.0 0.0 4.935162 5.1051199047457985 1.114648 0.0 3.141592653589793
0.7114179134368896 0.37960439920425415 0.7114179 0.3796044 1.7059977 1.225647 0.0 0.0 2418.0876 128.0192 4.18374 1.008107 0.2409583 3.565769 0.0 -0.0 4.276858 5.951258691459508 1.648375 0.0 0.0
0.2504524886608124 0.03373675048351288 0.2504525 0.03373675 1.5619651 0.09939674 0.0 9.609444 328.60312 209.1673 2.253656 1.442623 0.6401257 0.08747341 0.0 0.0 3.918097 0.10527692840347669 1.287256 0.0 0.0
0.1949748992919922 0.16673189401626587 -0.1949749 -0.1667319 1.7880632 0.8625017 0.0 0.0 135.38167 219.5361 2.568403 1.658208 0.6456183 6.245 0.0 0.0 3.988182 0.03228874202265075 2.077926 3.141592653589793 3.141592653589793
0.41412100195884705 0.1603458970785141 -0.414121 0.1603459 2.0459628 1.30923 0.0 0.0 78.30785 218.4009 3.127683 1.793164 0.57332027 5.898515 0.0 0.0 4.828238 4.9578486613312975 1.391021 3.141592653589793 0.0
0.23564569652080536 0.35168910026550293 -0.2356457 0.3516891 1.6227751 -0.8458943 0.0 3.2366314 286.6281 164.6919 2.382277 1.475285 0.6192752 3.53032 0.0 -0.0 5.910385 0.6447580094283367 2.74089 3.141592653589793 0.0
0.6558932065963745 0.6217955946922302 0.6558932 -0.6217956 1.9013814 0.8717791 0.0 0.0 58.352707 141.5179 2.570967 1.865014 0.72541344 1.146456 0.0 0.0 2.590874 5.439489795345651 2.262153 0.0 3.141592653589793
0.632904589176178 0.5925219058990479 0.6329046 -0.5925219 1.408368 -0.7787741 0.0 159.50186 159.57848 207.6443 1.617849 1.617731 0.99992704 3.564514 0.0 -0.0 1.056839 5.624485879713973 1.624759 0.0 3.141592653589793
0.0523499995470047 0.3807060122489929 0.05235 -0.380706 1.6478409 -1.164587 0.0 0.0 1050.4292 178.2099 3.188306 1.178571 0.36965427 5.142484 0.0 0.0 2.442169 4.18991548186699 2.465405 0.0 3.141592653589793
0.41635531187057495 0.09254500269889832 0.4163553 -0.092545 1.7136291 -0.8357889 0.0 0.0 673.59143 188.2994 3.159085 1.276271 0.4040002 4.490107 0.0 -0.0 4.500309 2.695255695584059 0.5140219 0.0 3.141592653589793
0.6491674780845642 0.3084411919116974 0.6491675 -0.3084412 1.3085364 0.3796527 0.0 99.6961 584.5593 170.3401 1.733704 1.308349 0.75465536 4.169755 0.0 -0.0 5.603129 3.224593277616954 1.81749 0.0 3.141592653589793
0.4085184931755066 0.6375287175178528 0.4085185 0.6375287 1.8221576 0.2567098 0.0 21.365774 22.293346 153.1025 2.097719 2.088512 0.99561095 2.662432 0.0 3.141592653589793 5.19965 1.9955945922739957 1.881429 0.0 0.0
0.2169983983039856 0.24222970008850098 0.2169984 -0.2422297 1.6071998 -0.6936423 0.0 0.0 1775.7761 197.3721 3.396499 1.069171 0.3147862 4.597812 0.0 -0.0 2.983806 4.0117907544956 1.14592 0.0 3.141592653589793
0.4063990116119385 0.21383780241012573 -0.406399 -0.2138378 1.7777543 -1.116044 0.0 0.0 1817.8702 146.7977 4.286968 1.064451 0.24829924 0.649138 0.0 0.0 3.538078 0.9614625198629838 0.7698142 3.141592653589793 3.141592653589793
0.6542060971260071 0.3820072114467621 0.6542061 0.3820072 2.0194714 -0.3818547 0.0 0.0 244.37476 188.9025 3.694779 1.513719 0.40969136 2.949522 0.0 3.141592653589793 5.247009 1.8716849293306623 1.098902 0.0 0.0
0.4374159872531891 0.28841501474380493 0.437416 0.288415 1.962303 -0.6764161 0.0 0.0 35.19605 200.9587 2.567527 1.985457 0.7732954 0.1668262 0.0 0.0 1.637796 4.587582172989791 1.476136 0.0 0.0
0.6351078152656555 0.46689680218696594 0.6351078 -0.4668968 1.974924 0.8756101 0.0 0.0 1021.7071 236.7122 4.752059 1.184535 0.24926774 4.153255 0.0 -0.0 3.23309 5.7625119361074795 1.383506 0.0 3.141592653589793
0.5952944159507751 0.7472400069236755 0.5952944 -0.74724 1.5986793 0.628578 0.0 0.0 504.6668 176.8592 2.565259 1.342032 0.5231565 4.615848 0.0 -0.0 2.54052 2.8111467274758652 1.352836 0.0 3.141592653589793
0.7320265173912048 0.654279887676239 0.7320265 0.6542799 1.7583829 1.094892 0.0 0.0 533.8573 229.3255 3.185455 1.329094 0.41723835 2.265525 0.0 3.141592653589793 0.3058017 2.3901336777527504 1.462469 0.0 0.0
0.17414210736751556 0.38404059410095215 0.1741421 -0.3840406 2.0411015 0.08129907 0.0 0.0 440.15277 215.371 4.251998 1.373751 0.32308367 1.953483 0.0 3.141592653589793 5.574215 5.707208651922123 0.8297066 0.0 3.141592653589793
0.29292720556259155 0.4058750867843628 -0.2929272 0.4058751 1.9184816 -0.4039899 0.0 0.0 106.87381 202.3067 2.866272 1.716549 0.5988786 4.318938 0.0 -0.0 1.339304 4.2923841479243166 1.350809 3.141592653589793 0.0
0.08322379738092422 0.47716739773750305 0.0832238 -0.4771674 1.5283959 0.3829698 0.0 0.0 611.5332 232.4908 2.420314 1.298097 0.5363341 4.776327 0.0 0.0 5.288273 5.381126992393696 2.297915 0.0 3.141592653589793
0.16386030614376068 0.11278390139341354 -0.1638603 -0.1127839 1.1274986 0.2700876 0.0 335.7459 1096.447 42.10458 1.437509 1.169384 0.8134795 1.436892 0.0 0.0 3.56277 1.9334537107141756 3.036172 3.141592653589793 3.141592653589793
0.3813908100128174 0.2502574920654297 -0.3813908 -0.2502575 1.9754671 0.8199695 0.0 0.0 126.2449 211.9769 3.133262 1.67544 0.53472704 5.238579 0.0 0.0 6.078167 1.5822141126781304 2.184295 3.141592653589793 3.141592653589793
0.20751479268074036 0.09789404273033142 -0.2075148 -0.09789404 1.4808757 0.1495274 0.0 74.11601 169.57434 221.4618 1.806665 1.602812 0.8871662 5.712667 0.0 0.0 5.101449 5.496678944433519 1.069556 3.141592653589793 3.141592653589793
0.31835681200027466 0.6027876138687134 -0.3183568 -0.6027876 1.7316875 -0.09118684 0.0 0.0 376.11487 218.5933 2.875607 1.410625 0.49054858 4.139421 0.0 -0.0 1.837068 5.384124017193393 2.294635 3.141592653589793 3.141592653589793
0.3687449097633362 0.5378968715667725 0.3687449 0.5378969 1.6883888 -0.4176788 0.0 35.245823 51.53977 104.4291 1.985128 1.895026 0.9546115 0.3825857 0.0 0.0 4.2342 1.8676024138047893 0.4837436 0.0 0.0
0.5805987119674683 0.18347999453544617 -0.5805987 0.18348 1.2615247 -0.6048958 0.0 203.15147 490.26675 137.8446 1.558608 1.348716 0.8653337 0.1560038 0.0 0.0 5.717876 0.23930440178891388 2.647381 3.141592653589793 0.0
0.010317119769752026 0.3627086877822876 0.01031712 0.3627087 1.2492782 0.5484838 0.0 77.99408 1152.5409 234.027 1.79415 1.158749 0.64584845 0.2242541 0.0 0.0 4.327082 0.6523534021770416 1.428405 0.0 0.0
0.14340810477733612 0.6626092195510864 -0.1434081 -0.6626092 1.7150916 -1.198712 0.0 0.0 1456.653 120.1881 3.751544 1.109642 0.29578274 0.609031 0.0 0.0 2.620546 0.329535405668949 1.365813 3.141592653589793 3.141592653589793
0.5453956723213196 0.6041017174720764 0.5453957 -0.6041017 2.0662124 0.8771425 0.0 0.0 582.5532 192.3755 4.639154 1.309132 0.28219196 0.7041094 0.0 0.0 3.985836 4.888045521955874 1.133325 0.0 3.141592653589793
0.34572380781173706 0.7445657849311829 -0.3457238 0.7445658 1.3238528 -0.9974158 0.0 24.453165 1271.5685 213.8778 2.068222 1.137974 0.5502185 1.905074 0.0 3.141592653589793 0.5796296 3.4136142650612697 1.460197 3.141592653589793 0.0
0.49261099100112915 0.6160702705383301 0.492611 -0.6160703 1.4724327 0.6421092 0.0 8.610949 662.99915 208.4801 2.27187 1.279837 0.5633408 1.969802 0.0 3.141592653589793 0.5289354 2.2240640089375034 2.5787 0.0 3.141592653589793
0.16752409934997559 0.30380868911743164 -0.1675241 0.3038087 1.580056 0.7011365 0.0 4.4161425 369.9379 224.4563 2.3592 1.414533 0.59958166 6.177486 0.0 0.0 1.224737 3.3132855474913327 0.9617518 3.141592653589793 0.0
0.04125086963176727 0.3176259994506836 -0.04125087 -0.317626 1.1515666 -0.3875082 0.0 204.70139 1322.2637 87.35877 1.556754 1.129776 0.7257255 1.71681 0.0 3.141592653589793 2.541836 2.158421637935035 1.091543 3.141592653589793 3.141592653589793
0.47478389739990234 0.5939671993255615 0.4747839 0.5939672 1.8828 0.1602504 0.0 0.0 1196.7173 80.87775 4.423241 1.150771 0.26016465 5.740293 0.0 0.0 1.571006 6.190348845259805 2.576791 0.0 0.0
0.4021073877811432 0.40033799409866333 -0.4021074 -0.400338 1.8337138 0.2339846 0.0 0.0 214.66553 214.6817 2.929806 1.545174 0.52739805 5.636255 0.0 0.0 5.125869 4.158768857415353 1.955498 3.141592653589793 3.141592653589793
0.4599370062351227 0.27720218896865845 -0.459937 -0.2772022 1.7174674 0.8682788 0.0 0.0 1386.3647 203.2082 3.720431 1.1199 0.3010135 5.158026 0.0 0.0 1.796126 5.878858354023478 1.595502 3.141592653589793 3.141592653589793
0.5629699230194092 0.06080399081110954 0.5629699 -0.06080399 1.7583722 -0.9453778 0.0 17.056477 49.82595 172.7466 2.145208 1.90316 0.8871681 3.957748 0.0 -0.0 5.472809 2.8904826362682954 0.5732977 0.0 3.141592653589793
0.6891245245933533 0.6958494782447815 -0.6891245 0.6958495 1.9076905 0.5704172 0.0 7.6295943 21.435093 234.0116 2.290841 2.09702 0.915393 3.67018 0.0 -0.0 3.327909 4.707720315620115 1.042055 3.141592653589793 0.0
0.6518939733505249 0.07577279210090637 -0.651894 -0.07577279 1.960914 -0.08047969 0.0 0.0 51.141174 213.5599 2.69109 1.896895 0.7048798 0.9823042 0.0 0.0 4.942497 4.186795267885479 1.765428 3.141592653589793 3.141592653589793
0.27323830127716064 0.5607131123542786 0.2732383 0.5607131 1.0483993 0.7071838 0.0 363.8234 2186.4038 225.7974 1.418471 1.027755 0.7245513 6.186752 0.0 0.0 3.828346 2.420701575827131 2.431356 0.0 0.0
0.5664851069450378 0.4625473916530609 -0.5664851 0.4625474 1.732256 -0.2938231 0.0 0.0 959.9046 229.1386 3.490631 1.198024 0.3432113 1.907776 0.0 3.141592653589793 4.563141 2.7086917140091984 0.9292186 3.141592653589793 0.0
0.2717280983924866 0.7197104096412659 -0.2717281 -0.7197104 1.4836389 0.05184278 0.0 0.0 2207.9775 148.8802 2.990546 1.025828 0.34302366 3.142787 0.0 -0.0 6.067335 6.087212562034999 1.268422 3.141592653589793 3.141592653589793
0.0785531997680664 0.262226402759552 -0.0785532 -0.2622264 1.7097814 -0.1123066 0.0 6.5598526 125.70109 230.7095 2.312737 1.676505 0.72490084 4.489587 0.0 -0.0 0.9368305 1.9565701551451795 2.523056 3.141592653589793 3.141592653589793
0.13617940247058868 0.3234567940235138 0.1361794 0.3234568 1.5163159 -0.4001154 0.0 18.404913 338.2335 173.5991 2.129429 1.435755 0.6742441 4.832877 0.0 0.0 2.472759 3.3254583896756387 2.405407 0.0 0.0
0.08105585724115372 0.2243994027376175 0.08105586 0.2243994 1.5734303 -0.8834604 0.0 0.0 1637.0211 149.2526 3.179509 1.085671 0.34145868 6.080196 0.0 0.0 2.992626 4.318714731458037 0.3909857 0.0 0.0
0.3570499122142792 0.058501530438661575 0.3570499 0.05850153 1.925339 0.693301 0.0 0.0 160.95663 229.4136 3.090793 1.615618 0.52271956 5.01334 0.0 0.0 5.938806 1.9990578578602651 1.346266 0.0 0.0
0.36495789885520935 0.6583675146102905 0.3649579 -0.6583675 2.0181134 0.704975 0.0 0.0 23.71606 143.8835 2.596448 2.074974 0.79915875 3.551046 0.0 -0.0 5.549998 5.792746315737183 2.194697 0.0 3.141592653589793
0.4591970145702362 0.024692460894584656 0.459197 0.02469246 1.9589267 -0.03230084 0.0 0.0 1028.3318 182.5881 4.67204 1.183143 0.25323907 2.771743 0.0 3.141592653589793 4.600164 1.9643495814837877 2.303769 0.0 0.0
0.14648279547691345 0.6303625702857971 -0.1464828 -0.6303626 1.4472243 0.3047153 0.0 46.269726 325.93463 175.2115 1.920899 1.444564 0.75202495 2.332723 0.0 3.141592653589793 4.550486 5.274538683673761 1.820068 3.141592653589793 3.141592653589793
0.177810400724411 0.595214307308197 0.1778104 0.5952143 1.5350477 0.4861434 0.0 56.692257 133.26767 53.36535 1.872012 1.662088 0.88786185 3.65766 0.0 -0.0 1.878008 2.7100265764332505 0.5253674 0.0 0.0
0.7036877870559692 0.2802223861217499 0.7036878 0.2802224 1.9171679 -0.1398865 0.0 0.0 925.81866 100.4624 4.344007 1.205881 0.27759647 5.475584 0.0 0.0 3.317799 1.34739581156677 2.030471 0.0 0.0
0.5186806917190552 0.08907908946275711 0.5186807 0.08907909 1.9109933 -0.8561327 0.0 0.0 47.05439 229.3991 2.523313 1.916879 0.7596676 4.880524 0.0 0.0 2.755896 5.718236545273264 2.008739 0.0 0.0
0.4341995120048523 0.5625848770141602 -0.4341995 -0.5625849 1.9035681 0.9018535 0.0 0.0 494.09824 237.6965 3.731111 1.346917 0.36099625 5.984191 0.0 0.0 4.489105 5.540791747405471 1.648286 3.141592653589793 3.141592653589793
0.12978729605674744 0.6257110238075256 -0.1297873 0.625711 1.6372378 0.1671846 0.0 0.0 833.7151 248.2061 2.99081 1.228822 0.41086596 2.026788 0.0 3.141592653589793 0.5630001 1.1329491039672064 0.5461061 3.141592653589793 0.0
0.28639981150627136 0.008188871666789055 0.2863998 0.008188872 1.2562385 -0.1540766 0.0 52.20225 1413.2296 208.7911 1.891949 1.115912 0.58982134 5.246007 0.0 0.0 4.678139 4.8744482058703795 1.846903 0.0 0.0
0.7073572874069214 0.07802677154541016 0.7073573 0.07802677 1.29162 0.2697632 0.0 80.250824 792.6864 211.6359 1.787143 1.23996 0.69382244 0.206131 0.0 0.0 5.80424 3.8652855098647194 1.515021 0.0 0.0
0.2551921010017395 0.5133950710296631 0.2551921 -0.5133951 2.031733 -1.079391 0.0 0.0 415.23026 185.8982 4.158135 1.387372 0.33365247 6.023924 0.0 0.0 4.585954 1.1462674872185232 2.30649 0.0 3.141592653589793
0.03389840945601463 0.047748811542987823 0.03389841 -0.04774881 1.2886287 -0.9748277 0.0 89.69805 749.73096 243.5351 1.759757 1.252321 0.7116443 4.326288 0.0 -0.0 3.282918 4.3867026043611475 1.746017 0.0 3.141592653589793
0.2760851979255676 0.1438561975955963 0.2760852 0.1438562 1.6117021 1.04916 0.0 0.0 1591.3912 247.5757 3.332222 1.091444 0.3275424 0.7234973 0.0 0.0 0.1201555 5.563376182532323 1.841387 0.0 0.0
0.7297955751419067 0.4367218017578125 -0.7297956 0.4367218 1.6088563 -0.5165505 0.0 14.291811 190.36803 245.4171 2.180733 1.574483 0.7219972 1.801594 0.0 3.141592653589793 3.721892 0.14813005475213714 2.059397 3.141592653589793 0.0
0.07853972166776657 0.19948570430278778 0.07853972 0.1994857 1.522476 0.561833 0.0 44.11127 181.66061 85.2049 1.932291 1.585938 0.82075524 2.039346 0.0 3.141592653589793 4.046214 3.593578793590808 0.652501 0.0 0.0
0.6934741139411926 0.13875989615917206 -0.6934741 0.1387599 1.6378505 0.2937595 0.0 0.0 341.97015 225.6523 2.508342 1.433146 0.5713519 3.493756 0.0 -0.0 4.731977 3.382103582104122 0.8687466 3.141592653589793 0.0
0.422206312417984 0.5002474188804626 -0.4222063 -0.5002474 1.4625937 0.4675143 0.0 14.13819 580.59015 242.6129 2.182848 1.309901 0.60008806 5.880131 0.0 0.0 2.386127 4.927387427089656 1.039002 3.141592653589793 3.141592653589793
0.06557943671941757 0.5177208185195923 -0.06557944 -0.5177208 1.7659374 -0.4795377 0.0 0.0 171.43434 213.4756 2.601884 1.600136 0.6149913 2.383352 0.0 3.141592653589793 2.272284 0.5687412185134875 1.113501 3.141592653589793 3.141592653589793
0.0435953214764595 0.47863689064979553 0.04359532 0.4786369 1.4645588 0.6475137 0.0 30.247301 377.29678 217.9279 2.020402 1.409885 0.69782406 4.204864 0.0 -0.0 5.654983 0.0149368282355411 1.420135 0.0 0.0
0.440036803483963 0.4583042860031128 0.4400368 -0.4583043 1.7408602 -0.4707465 0.0 14.937248 63.7315 222.6399 2.172016 1.843571 0.8487834 3.449175 0.0 -0.0 3.048451 5.229146451720538 1.579544 0.0 3.141592653589793
0.5269927978515625 0.6181795001029968 -0.5269928 0.6181795 1.7670598 0.3703557 0.0 0.0 134.03745 143.6579 2.501802 1.660668 0.66378874 1.013378 0.0 0.0 1.70045 0.6343420058029281 1.280527 3.141592653589793 0.0
0.1860017031431198 0.4220050871372223 0.1860017 0.4220051 2.0813928 -0.03558075 0.0 0.0 743.98914 205.906 4.979611 1.254032 0.25183332 4.352001 0.0 -0.0 0.4547768 2.531854101870586 1.043149 0.0 0.0
0.1302955001592636 0.014866399578750134 0.1302955 -0.0148664 1.8355887 1.024801 0.0 0.0 1599.8643 241.5375 4.471639 1.090358 0.24383855 1.366599 0.0 0.0 2.936492 1.3440217314992609 0.9533539 0.0 3.141592653589793
0.06019425019621849 0.34053948521614075 0.06019425 -0.3405395 1.6296029 -0.2693438 0.0 32.191048 93.94559 214.5498 2.006117 1.748355 0.87151194 4.644135 0.0 -0.0 0.4591466 3.9634046811762076 1.987518 0.0 3.141592653589793
0.6546018123626709 0.44420239329338074 0.6546018 -0.4442024 1.4966375 0.642567 0.0 9.812607 528.1833 163.4261 2.250078 1.331548 0.5917786 2.520415 0.0 3.141592653589793 4.468625 4.289728734357659 2.114752 0.0 3.141592653589793
0.6485453248023987 0.3676230013370514 0.6485453 0.367623 2.0458813 -0.3307148 0.0 0.0 762.7057 215.7548 4.815825 1.248507 0.2592509 4.142319 0.0 -0.0 0.3123989 2.9084618582920214 0.6610891 0.0 0.0
0.7334553003311157 0.26327911019325256 0.7334553 -0.2632791 2.033141 1.238923 0.0 0.0 11.507644 58.83552 2.456167 2.221812 0.90458506 2.474819 0.0 3.141592653589793 5.075622 1.20877570870568 1.481716 0.0 3.141592653589793
0.6330097913742065 0.24151909351348877 -0.6330098 -0.2415191 1.5659364 -1.135828 0.0 6.201144 374.53342 61.86242 2.32034 1.411619 0.6083673 5.343463 0.0 0.0 0.2247666 2.4123686589219417 2.136635 3.141592653589793 3.141592653589793
0.30983230471611023 0.4649066925048828 0.3098323 0.4649067 1.6461567 -0.4311703 0.0 0.0 978.87384 136.5846 3.132564 1.193784 0.38108847 1.831975 0.0 3.141592653589793 4.862158 1.4575484258303462 1.638378 0.0 0.0
0.3967036008834839 0.2622520923614502 -0.3967036 -0.2622521 1.8750538 0.9768723 0.0 0.0 1445.2924 112.4433 4.581111 1.111262 0.24257478 0.1720987 0.0 0.0 4.716885 0.012420221926547015 1.904075 3.141592653589793 3.141592653589793
0.29056939482688904 0.2212481051683426 0.2905694 0.2212481 1.9275302 -0.2728292 0.0 0.0 873.41614 181.901 4.339607 1.218606 0.28081024 4.685295 0.0 -0.0 5.11397 4.968982795783695 1.679574 0.0 0.0
0.7345638275146484 0.4735698103904724 0.7345638 0.4735698 1.9715981 1.100684 0.0 0.0 81.214226 53.40263 2.90898 1.78421 0.61334556 4.048639 0.0 -0.0 4.494642 1.618624422953026 2.146884 0.0 0.0
0.1637974977493286 0.021947570145130157 -0.1637975 -0.02194757 1.7118745 0.5716872 0.0 0.0 893.3804 206.8201 3.347436 1.213661 0.36256436 4.349472 0.0 -0.0 5.891026 5.72486934379328 1.819508 3.141592653589793 3.141592653589793
0.12937189638614655 0.09476073086261749 -0.1293719 -0.09476073 1.6901318 0.2672785 0.0 23.610003 70.97756 190.5748 2.07596 1.817266 0.8753859 3.342203 0.0 -0.0 3.101603 4.355565587952761 0.5427341 3.141592653589793 3.141592653589793
0.13891290128231049 0.04572008177638054 0.1389129 -0.04572008 1.7437961 -0.6921588 0.0 0.0 302.19135 217.9903 2.800797 1.462616 0.5222142 3.759452 0.0 -0.0 4.769632 4.333684578748098 2.472992 0.0 3.141592653589793
0.09169893711805344 0.6179497838020325 -0.09169894 -0.6179498 1.7333004 0.913762 0.0 0.0 762.4139 108.6749 3.324967 1.248592 0.37552014 5.573174 0.0 0.0 5.731213 0.5355328054099999 1.38033 3.141592653589793 3.141592653589793
0.31610360741615295 0.20691260695457458 -0.3161036 0.2069126 1.99708 -0.3308709 0.0 0.0 1121.011 171.7382 4.981026 1.164654 0.23381808 3.990983 0.0 -0.0 4.093215 1.595718333799411 0.99396 3.141592653589793 0.0
0.5030329823493958 0.11688359826803207 0.503033 -0.1168836 1.1819196 -0.713213 0.0 128.19527 1441.5273 103.0625 1.671658 1.111802 0.66508937 3.975466 0.0 -0.0 1.941595 5.438484779361779 1.151621 0.0 3.141592653589793
0.007340006064623594 0.018128130584955215 -0.007340006 -0.01812813 1.2079253 0.003584035 0.0 38.864574 2481.7458 225.5692 1.962255 1.003081 0.51118785 5.328557 0.0 0.0 0.6105469 0.006381009323192188 2.51274 3.141592653589793 3.141592653589793
0.4236898124217987 0.31056371331214905 0.4236898 0.3105637 1.6665379 0.1747594 0.0 24.941553 83.40583 180.131 2.063842 1.777662 0.8613363 3.833676 0.0 -0.0 2.82237 2.8561645906991515 2.445319 0.0 0.0
0.4545624852180481 0.1623803973197937 0.4545625 0.1623804 1.5671719 0.5929332 0.0 31.527948 161.06804 244.2119 2.010904 1.615448 0.80334413 5.445014 0.0 0.0 0.1671691 3.7990238306481814 1.506189 0.0 0.0
0.2549903988838196 0.5690637826919556 -0.2549904 -0.5690638 1.3808458 -0.8918638 0.0 0.0 2464.78 205.0765 2.618228 1.004406 0.38362053 2.455862 0.0 3.141592653589793 2.850667 2.8702777663382193 0.7291002 3.141592653589793 3.141592653589793
0.46740978956222534 0.732419490814209 0.4674098 -0.7324195 1.5009853 0.6630957 0.0 0.0 983.2807 57.00093 2.56459 1.192812 0.46510825 1.596205 0.0 3.141592653589793 0.2041964 1.5852003126163225 1.708809 0.0 3.141592653589793
0.6738284826278687 0.4731642007827759 0.6738285 -0.4731642 1.6319358 -0.3219856 0.0 25.772873 109.02523 148.4076 2.056549 1.71163 0.8322826 4.821656 0.0 0.0 2.670923 1.3940326963745946 1.547215 0.0 3.141592653589793
0.7115432024002075 0.48434799909591675 -0.7115432 0.484348 1.8268356 0.7953243 0.0 0.0 109.28878 73.67881 2.595964 1.711034 0.65911317 5.847342 0.0 0.0 5.411168 2.6238434798977295 1.311085 3.141592653589793 0.0
0.5035415887832642 0.3402717113494873 0.5035416 -0.3402717 1.5558263 -0.3022218 0.0 11.795025 314.1851 199.7917 2.217281 1.453316 0.65544957 3.187863 0.0 -0.0 6.099926 3.9231393921761963 0.3496234 0.0 3.141592653589793
0.7333242297172546 0.32353198528289795 -0.7333242 0.323532 1.8938879 -0.62888 0.0 0.0 141.82182 149.7264 2.920976 1.646756 0.5637691 1.709315 0.0 3.141592653589793 1.445198 3.181237600230631 0.4907838 3.141592653589793 0.0
0.49445950984954834 0.2774434983730316 0.4944595 -0.2774435 1.6892753 0.1969773 0.0 31.311321 56.807774 199.648 2.012487 1.871519 0.92995334 4.758336 0.0 0.0 3.185907 2.671704884236348 2.523728 0.0 3.141592653589793
0.578819215297699 0.03035740926861763 -0.5788192 -0.03035741 1.1058248 -0.5716191 0.0 671.8142 712.45807 230.7078 1.276865 1.263694 0.98968494 2.942327 0.0 3.141592653589793 3.192398 0.1553690582664089 0.4402068 3.141592653589793 3.141592653589793
0.11569499969482422 0.23439370095729828 -0.115695 -0.2343937 1.7880383 -0.8109928 0.0 0.0 793.2093 249.2957 3.59169 1.239814 0.3451896 3.809737 0.0 -0.0 3.478983 5.606907274904913 1.524282 3.141592653589793 3.141592653589793
0.2474239021539688 0.1157870963215828 0.2474239 -0.1157871 1.8575174 -0.8725228 0.0 0.0 78.78405 178.6734 2.557125 1.791675 0.7006599 4.837305 0.0 0.0 4.743347 4.158579618302426 1.772009 0.0 3.141592653589793
0.20962360501289368 0.45921841263771057 -0.2096236 0.4592184 1.4856238 0.6268345 0.0 0.0 1016.1429 186.0993 2.525701 1.185712 0.46945855 1.395143 0.0 0.0 3.027407 3.3544330159934574 0.5465921 3.141592653589793 0.0
0.3302353024482727 0.09180756658315659 -0.3302353 -0.09180757 1.8697693 0.481194 0.0 9.115052 27.748098 154.1577 2.262534 2.039979 0.90163463 3.511708 0.0 -0.0 1.968574 2.0242355863306543 1.970006 3.141592653589793 3.141592653589793
0.5184975862503052 0.6374210119247437 -0.5184976 0.637421 1.9212214 0.5509122 0.0 0.0 78.73883 166.7778 2.742707 1.791816 0.653302 0.5982109 0.0 0.0 3.156942 0.5560216184244595 2.254399 3.141592653589793 0.0
0.13359449803829193 0.06721703708171844 0.1335945 0.06721704 1.7092967 -0.1038518 0.0 0.0 1971.6547 210.9618 3.998806 1.048198 0.26212773 3.253366 0.0 -0.0 1.360845 6.111122422454898 1.960682 0.0 0.0
0.01632368005812168 0.17720720171928406 0.01632368 -0.1772072 1.6239272 0.3685569 0.0 0.0 359.64185 196.38 2.486546 1.421205 0.5715579 2.389263 0.0 3.141592653589793 3.032712 5.044736632331293 2.218284 0.0 3.141592653589793
0.4217360019683838 0.18002949655056 -0.421736 -0.1800295 1.6883466 0.0004343987 0.0 0.0 838.05615 186.2009 3.202524 1.227679 0.38334733 5.996163 0.0 0.0 4.00289 2.6197233446441928 2.829795 3.141592653589793 3.141592653589793
0.5514655113220215 0.6363155841827393 -0.5514655 0.6363156 1.3021524 0.1033579 0.0 169.58266 398.15475 227.2715 1.6028 1.397221 0.87173754 2.147565 0.0 3.141592653589793 4.018566 0.6667496245795732 2.033094 3.141592653589793 0.0
0.026501009240746498 0.299701988697052 0.02650101 -0.299702 1.6427561 -0.4820858 0.0 0.0 407.73624 209.2897 2.60898 1.39164 0.5334039 3.180967 0.0 -0.0 3.889263 5.385861282950394 1.586427 0.0 3.141592653589793
0.7031897902488708 0.015024269931018353 0.7031898 -0.01502427 2.0210545 -0.6013933 0.0 0.0 158.85158 224.9748 3.421769 1.618853 0.47310412 0.7439249 0.0 0.0 2.719277 2.0906950504436494 2.510951 0.0 3.141592653589793
0.04553452134132385 0.2221613973379135 0.04553452 -0.2221614 1.6956031 -0.03777258 0.0 0.0 274.48578 159.1475 2.592882 1.485685 0.572986 3.224104 0.0 -0.0 5.283004 2.1575656417412787 2.335432 0.0 3.141592653589793
0.5113198161125183 0.40713760256767273 0.5113198 -0.4071376 1.9454869 0.6798856 0.0 0.0 78.08432 228.4458 2.8121 1.793866 0.63790977 6.250202 0.0 0.0 4.184533 5.936527768266863 2.286999 0.0 3.141592653589793
0.3359917104244232 0.3948073089122772 -0.3359917 0.3948073 1.6992038 1.452167 0.0 0.0 698.1172 219.0739 3.124539 1.268245 0.40589827 3.427798 0.0 -0.0 2.325275 5.930702033671444 1.92386 3.141592653589793 0.0
0.3478580117225647 0.5107160210609436 0.347858 0.510716 1.6528342 -0.1035414 0.0 0.0 1695.5575 181.9216 3.577249 1.078525 0.30149564 0.9767056 0.0 0.0 5.134809 0.7310734295799648 1.715641 0.0 0.0
0.6029667258262634 0.08116362988948822 0.6029667 0.08116363 1.9308194 -0.1649986 0.0 0.0 185.77914 81.83248 3.18859 1.580451 0.49565828 3.590354 0.0 -0.0 2.854209 3.5281030965129716 0.8691421 0.0 0.0
0.05539267882704735 0.7251418828964233 0.05539268 -0.7251419 1.9175261 -0.02266738 0.0 0.0 546.19324 200.7419 3.872143 1.323855 0.3418921 0.1641276 0.0 0.0 1.119823 3.4193878074006747 0.6369243 0.0 3.141592653589793
0.04867425933480263 0.5940924882888794 0.04867426 -0.5940925 1.8609482 -0.9670336 0.0 12.531713 24.05325 216.4798 2.205996 2.071864 0.9391966 0.3490515 0.0 0.0 4.362627 3.180616321726596 2.516318 0.0 3.141592653589793
0.4455347955226898 0.16980209946632385 0.4455348 -0.1698021 1.8864411 -1.029891 0.0 0.0 208.31378 247.6208 3.09612 1.552489 0.5014305 4.676481 0.0 -0.0 3.509604 6.250271118100976 2.217851 0.0 3.141592653589793
0.5393391251564026 0.08311407268047333 -0.5393391 0.08311407 1.1034908 -0.2780963 0.0 484.09097 997.51434 103.6797 1.351648 1.189705 0.8801885 5.279166 0.0 0.0 1.628868 3.508817780200161 0.4591906 3.141592653589793 0.0
0.3471454083919525 0.5306599140167236 0.3471454 -0.5306599 1.8733414 -0.1414983 0.0 0.0 183.85632 225.7841 2.983645 1.582997 0.5305581 2.861662 0.0 3.141592653589793 4.069489 2.454475895710175 2.503957 0.0 3.141592653589793
0.43439510464668274 0.046526189893484116 -0.4343951 0.04652619 1.2580578 0.8619558 0.0 136.62534 706.11633 119.6052 1.655954 1.265694 0.7643292 4.651896 0.0 -0.0 0.6394971 3.610999848683832 1.941661 3.141592653589793 0.0
0.2285097986459732 0.18394650518894196 0.2285098 0.1839465 1.6535187 -0.008916377 0.0 0.0 454.2853 224.498 2.701167 1.366391 0.50585204 3.19505 0.0 -0.0 4.767411 4.763997175706436 1.238295 0.0 0.0
0.0692167729139328 0.01924481987953186 -0.06921677 0.01924482 1.967827 -0.7910575 0.0 0.0 240.68828 234.8981 3.482234 1.517398 0.43575418 1.980972 0.0 3.141592653589793 0.8307145 4.644731152560098 1.624534 3.141592653589793 0.0
0.06015009060502052 0.2745305001735687 -0.06015009 0.2745305 1.4137956 -0.04524374 0.0 80.91905 280.9702 192.7348 1.785105 1.480072 0.82912326 0.8207062 0.0 0.0 4.388126 6.120698686723017 1.192041 3.141592653589793 0.0
0.2508029043674469 0.3626492917537689 0.2508029 -0.3626493 1.335107 0.5344503 0.0 7.9535904 1861.62 211.3123 2.284452 1.059674 0.46386355 2.428573 0.0 3.141592653589793 2.986215 3.0356898360671494 1.249608 0.0 3.141592653589793
0.5146642923355103 0.3583351969718933 0.5146643 0.3583352 1.5953795 0.1554978 0.0 0.0 1950.6005 230.7125 3.415057 1.050337 0.3075606 5.061392 0.0 0.0 2.119814 2.2238880628913194 2.420618 0.0 0.0
0.6982623934745789 0.6340968012809753 -0.6982624 0.6340968 1.870631 -0.2887456 0.0 0.0 365.42612 168.0084 3.378958 1.417432 0.4194879 1.412559 0.0 0.0 4.688926 4.363192851325266 0.8538876 3.141592653589793 0.0
0.2784355878829956 0.6455137729644775 0.2784356 -0.6455138 1.5753754 0.6094584 0.0 5.4709826 362.83072 217.7966 2.33616 1.419117 0.6074571 0.13368 0.0 0.0 2.812654 4.535087039611653 2.380133 0.0 3.141592653589793
0.42344650626182556 0.15990839898586273 -0.4234465 -0.1599084 1.838564 0.2153306 0.0 0.0 92.59704 248.0051 2.564419 1.751919 0.6831641 2.134959 0.0 3.141592653589793 1.871724 4.615809915577529 2.212544 3.141592653589793 3.141592653589793
0.2242438942193985 0.1525913029909134 0.2242439 0.1525913 1.7604368 0.1157274 0.0 0.0 1825.3419 222.8048 4.196806 1.063626 0.25343704 2.378399 0.0 3.141592653589793 0.5463239 3.994601438336076 0.8295884 0.0 0.0
0.6119450926780701 0.7359390258789062 0.6119451 -0.735939 1.9307022 -0.6188206 0.0 0.0 563.65314 135.4068 3.957701 1.316656 0.33268204 5.363855 0.0 0.0 0.5194148 1.1467884973480764 0.7704181 0.0 3.141592653589793
0.6804946064949036 0.4625607132911682 -0.6804946 0.4625607 1.4941837 1.271488 0.0 0.0 1673.9658 152.336 2.851071 1.081128 0.37920067 4.682667 0.0 -0.0 4.633915 4.053574158625679 0.2986069 3.141592653589793 0.0
0.02466621994972229 0.5652176141738892 -0.02466622 0.5652176 1.6672682 0.3602314 0.0 25.069115 82.56774 247.234 2.06271 1.780146 0.8630132 2.44712 0.0 3.141592653589793 5.00631 3.5742158697048367 1.289009 3.141592653589793 0.0
0.3145582973957062 0.037728771567344666 0.3145583 0.03772877 1.8592082 0.5052851 0.0 0.0 173.53891 203.2118 2.906673 1.597144 0.54947495 0.06188422 0.0 0.0 5.533319 2.837060336862102 1.221226 0.0 0.0
0.49682149291038513 0.2656799852848053 0.4968215 -0.26568 0.9599135 0.7979611 0.0 1108.3884 2029.4994 216.844 1.16707 1.042452 0.89322144 2.679037 0.0 3.141592653589793 2.314997 0.6844716517025304 0.7764738 0.0 3.141592653589793
0.5235128998756409 0.5702050924301147 0.5235129 -0.5702051 1.9440508 0.9832336 0.0 0.0 54.035526 222.7481 2.663337 1.883621 0.70724094 2.918975 0.0 3.141592653589793 0.9542992 2.801032184050179 1.034649 0.0 3.141592653589793
0.16658779978752136 0.051223769783973694 -0.1665878 0.05122377 1.8907487 0.837581 0.0 0.0 869.87933 83.48812 4.151795 1.219495 0.2937272 0.8241454 0.0 0.0 0.5214349 0.3461286608889864 0.6545246 3.141592653589793 0.0
0.358515202999115 0.5362356901168823 0.3585152 0.5362357 1.7828834 -0.4246999 0.0 0.0 114.78195 113.0917 2.48665 1.69893 0.6832204 4.307562 0.0 -0.0 4.430146 4.779979198758134 2.020491 0.0 0.0
0.23594599962234497 0.13917690515518188 -0.235946 -0.1391769 1.4427851 0.3734398 0.0 25.082445 500.6618 230.0295 2.062592 1.34387 0.6515443 3.335707 0.0 -0.0 4.031692 4.2622414930901655 2.305726 3.141592653589793 3.141592653589793
0.12853069603443146 0.2713344991207123 -0.1285307 0.2713345 1.6793337 1.290369 0.0 16.715338 99.05839 116.8727 2.14935 1.735287 0.80735433 2.005409 0.0 3.141592653589793 4.166686 3.6468145678900115 2.02097 3.141592653589793 0.0
0.3429715931415558 0.2275628000497818 -0.3429716 0.2275628 1.811063 -1.246127 0.0 0.0 460.2391 117.8383 3.296654 1.363364 0.4135599 5.629914 0.0 0.0 2.239866 4.001013030379887 2.525552 3.141592653589793 0.0
0.036135051399469376 0.45946431159973145 0.03613505 0.4594643 1.5421015 -0.4510441 0.0 0.0 2161.1086 164.6001 3.242654 1.030042 0.317654 0.2561564 0.0 0.0 4.653673 3.2927881998711896 0.3604257 0.0 0.0
0.5679486989974976 0.41686558723449707 0.5679487 -0.4168656 1.6334188 -0.6632568 0.0 0.0 1456.0049 179.6491 3.363769 1.109734 0.32990792 1.567659 0.0 0.0 4.195138 0.5301400917366692 0.5407535 0.0 3.141592653589793
0.4899289011955261 0.6872615218162537 0.4899289 0.6872615 2.0706136 -0.2884583 0.0 3.1360507 3.7392538 200.6088 2.383825 2.37321 0.995547 0.9255315 0.0 0.0 3.676264 0.4030309456126844 1.412647 0.0 0.0
0.2936267852783203 0.3472040891647339 0.2936268 -0.3472041 1.9498614 -1.230575 0.0 0.0 462.02753 91.75385 3.880335 1.362463 0.35111994 2.020442 0.0 3.141592653589793 6.061256 4.469272585754858 0.7457057 0.0 3.141592653589793
0.2683616876602173 0.6156647801399231 -0.2683617 -0.6156648 2.0283697 -0.1759168 0.0 0.0 116.95366 225.9585 3.273142 1.694304 0.5176384 4.383044 0.0 -0.0 0.4506646 5.9445968067829895 2.026635 3.141592653589793 3.141592653589793
0.4464035928249359 0.23707589507102966 -0.4464036 0.2370759 2.0844512 -0.07122111 0.0 0.0 3.0640724 203.3391 2.404026 2.384831 0.9920154 0.9112113 0.0 0.0 5.723544 0.5054276700818292 2.440079 3.141592653589793 0.0
0.6698020100593567 0.5973395705223083 -0.669802 -0.5973396 1.9986959 -0.268448 0.0 0.0 80.3034 208.8471 2.988588 1.786982 0.5979352 2.850115 0.0 3.141592653589793 4.253334 0.6485491422342449 1.473776 3.141592653589793 3.141592653589793
0.45091938972473145 0.49259689450263977 -0.4509194 0.4925969 1.6776004 -0.003713378 0.0 0.0 2495.7766 166.9386 4.058264 1.001993 0.24690187 1.333833 0.0 0.0 1.609805 3.4404040313226716 1.749603 3.141592653589793 0.0
0.06144937127828598 0.20581670105457306 -0.06144937 0.2058167 1.5942194 -0.1105098 0.0 0.0 2478.5854 212.9577 3.609646 1.003327 0.27795717 1.012882 0.0 0.0 1.383757 0.837349937005186 0.956582 3.141592653589793 0.0
0.4910781979560852 0.6520950198173523 -0.4910782 0.652095 1.3697351 -0.1617229 0.0 0.0 1932.0443 189.3478 2.434559 1.052244 0.4322113 2.98145 0.0 3.141592653589793 2.472938 0.2557587827893286 1.18159 3.141592653589793 0.0
0.022752689197659492 0.6804568767547607 0.02275269 -0.6804569 1.8775436 1.301256 0.0 0.0 70.37439 130.3647 2.571959 1.819355 0.707381 3.474864 0.0 -0.0 5.173813 1.9681617254670556 1.470556 0.0 3.141592653589793
0.6032884120941162 0.38662299513816833 0.6032884 -0.386623 1.8053877 0.8347308 0.0 18.138535 30.68169 201.2247 2.132473 2.017142 0.94591683 1.031128 0.0 0.0 4.692775 3.129228721677194 2.285023 0.0 3.141592653589793
0.5271257162094116 0.18851499259471893 -0.5271257 -0.188515 1.3337457 0.1169486 0.0 24.520601 1176.3046 171.5613 2.067613 1.154416 0.55833274 0.06427574 0.0 0.0 2.664258 3.9262871621601363 2.228479 3.141592653589793 3.141592653589793
0.2994127869606018 0.40725961327552795 -0.2994128 -0.4072596 1.8890492 -1.244153 0.0 8.407616 24.254387 188.6346 2.275713 2.070026 0.9096164 0.9395117 0.0 0.0 5.236543 5.504636987518737 0.8639504 3.141592653589793 3.141592653589793
0.2548249065876007 0.2033679038286209 -0.2548249 -0.2033679 1.7915939 1.238492 0.0 0.0 416.78122 192.917 3.157018 1.386499 0.43917996 3.490518 0.0 -0.0 1.556001 5.30845102389749 1.28687 3.141592653589793 3.141592653589793
0.14430859684944153 0.6931607723236084 0.1443086 0.6931608 1.8410023 0.6938783 0.0 0.0 903.71454 238.8702 3.944445 1.211149 0.3070518 5.968953 0.0 0.0 0.2194925 5.422470672942566 1.196475 0.0 0.0
0.18383890390396118 0.03784148022532463 0.1838389 0.03784148 1.6568217 -0.6425307 0.0 22.624628 97.25051 208.6566 2.085298 1.73983 0.8343316 3.715034 0.0 -0.0 4.885172 3.1319222688750443 2.314032 0.0 0.0
0.3851622939109802 0.6645733714103699 0.3851623 0.6645734 1.5610954 -0.1401512 0.0 46.652733 125.30782 160.3472 1.918929 1.677278 0.87406987 0.9631122 0.0 0.0 1.139909 0.9067365862023777 2.468107 0.0 0.0
0.7426649928092957 0.2789823114871979 -0.742665 0.2789823 1.9342003 -1.222603 0.0 0.0 471.77432 182.0356 3.82823 1.357618 0.35463333 3.518869 0.0 -0.0 0.7177055 5.780961191658847 2.5762 3.141592653589793 0.0
0.6357759237289429 0.43875160813331604 -0.6357759 0.4387516 1.6832645 1.053455 0.0 0.0 1241.1422 90.75287 3.468375 1.143072 0.3295699 3.277611 0.0 -0.0 3.022229 0.5230525171531824 1.992881 3.141592653589793 0.0
0.27804410457611084 0.10428059846162796 -0.2780441 0.1042806 1.6431497 -0.5053007 0.0 13.193038 152.20723 200.7151 2.19623 1.629359 0.74188906 1.332281 0.0 0.0 6.240049 4.245300937093546 1.635519 3.141592653589793 0.0
0.4910772144794464 0.3716450035572052 0.4910772 -0.371645 1.679789 -0.02762991 0.0 0.0 1253.6355 201.7743 3.460284 1.140962 0.32973075 4.486251 0.0 -0.0 4.930099 5.863966382776837 1.321343 0.0 3.141592653589793
0.1841367930173874 0.3358885943889618 0.1841368 0.3358886 1.8658049 0.03909881 0.0 0.0 1590.6218 200.3293 4.634766 1.091543 0.23551199 1.472897 0.0 0.0 5.682961 2.741224737520888 2.556323 0.0 0.0
0.13774630427360535 0.5990586876869202 -0.1377463 0.5990587 1.8082359 1.134227 0.0 0.0 761.6352 205.0161 3.649961 1.248819 0.34214586 1.324221 0.0 0.0 5.126205 3.248283768905303 2.492553 3.141592653589793 0.0
0.5101056098937988 0.052709560841321945 -0.5101056 0.05270956 1.9224035 0.5072743 0.0 0.0 305.76697 233.9181 3.463677 1.459803 0.42146048 5.582414 0.0 0.0 5.598485 1.3088698936803027 2.211312 3.141592653589793 0.0
0.2978188097476959 0.1777849942445755 0.2978188 -0.177785 1.9244909 -0.8485001 0.0 0.0 1499.6616 239.45 4.904801 1.103635 0.22501117 0.7576567 0.0 0.0 2.978062 5.280572873408076 1.363307 0.0 3.141592653589793
0.1350419968366623 0.025202499702572823 0.135042 0.0252025 1.5514294 0.7552749 0.0 27.780834 199.86646 197.2931 2.039713 1.562587 0.76608187 0.2711849 0.0 0.0 5.622787 1.8910256397679674 0.5290712 0.0 0.0
0.4707995057106018 0.3468419909477234 0.4707995 0.346842 1.6286739 0.4155482 0.0 0.0 1389.835 237.2482 3.306946 1.11938 0.3384936 1.766514 0.0 3.141592653589793 2.987395 4.571647328167664 2.587735 0.0 0.0
0.2511996924877167 0.5236430168151855 0.2511997 0.523643 1.6953474 0.5347463 0.0 0.0 480.169 221.9643 2.881184 1.353531 0.4697829 0.5279005 0.0 0.0 1.368585 1.6777513473675114 1.593637 0.0 0.0
0.08612356334924698 0.6330419778823853 -0.08612356 -0.633042 1.7305781 1.362781 0.0 0.0 397.31836 197.8237 2.902136 1.397715 0.48161593 5.984341 0.0 0.0 1.879324 4.062202778284181 2.194758 3.141592653589793 3.141592653589793
0.48490849137306213 0.33228930830955505 -0.4849085 -0.3322893 2.0533862 0.8001592 0.0 0.0 837.3518 190.7753 4.95999 1.227864 0.24755374 3.842002 0.0 -0.0 2.49893 5.505630734612559 1.611737 3.141592653589793 3.141592653589793
0.1982641965150833 0.022584160789847374 0.1982642 0.02258416 1.9725204 -0.2068834 0.0 0.0 30.117607 247.3594 2.546609 2.021383 0.7937548 0.6710554 0.0 0.0 2.130539 0.4670742140225741 2.891196 0.0 0.0
0.20592400431632996 0.2849371135234833 0.205924 -0.2849371 2.0265899 -0.8801805 0.0 0.0 421.90994 205.8423 4.148426 1.383637 0.333533 0.5344301 0.0 0.0 0.5147758 2.118239928811299 2.200695 0.0 3.141592653589793
0.48007461428642273 0.6372566223144531 -0.4800746 -0.6372566 1.932065 0.1342505 0.0 0.0 77.774284 213.5744 2.770042 1.794843 0.6479479 4.008644 0.0 -0.0 4.879784 2.001771464088442 2.371227 3.141592653589793 3.141592653589793
0.6649829745292664 0.7048584818840027 -0.664983 0.7048585 1.3908346 -0.4330277 0.0 0.0 2407.183 147.1551 2.645576 1.008983 0.381385 4.00835 0.0 -0.0 1.875681 0.06671146304157105 2.118286 3.141592653589793 0.0
0.5198830962181091 0.1348486989736557 0.5198831 -0.1348487 1.9913676 -1.430045 0.0 0.0 18.86922 226.9353 2.466047 2.124205 0.86138064 2.52931 0.0 3.141592653589793 5.676883 0.5499556941287267 1.823872 0.0 3.141592653589793
0.2547799050807953 0.5995404124259949 -0.2547799 0.5995404 1.53874 -0.1767486 0.0 70.88165 105.755974 125.4574 1.817597 1.719144 0.9458334 1.089029 0.0 0.0 6.159724 5.707570090863946 1.565412 3.141592653589793 0.0
0.03492596000432968 0.06019490957260132 0.03492596 0.06019491 1.3841437 0.3313347 0.0 10.31328 1186.3867 133.1199 2.241437 1.152607 0.5142268 4.83203 0.0 0.0 5.291358 6.058948261710093 1.403947 0.0 0.0
0.6574066877365112 0.13341429829597473 -0.6574067 0.1334143 1.9820558 0.08189471 0.0 0.0 425.22467 224.8567 3.95532 1.381807 0.34935403 1.983157 0.0 3.141592653589793 1.03214 0.6698547936322541 1.377521 3.141592653589793 0.0
0.5564725995063782 0.43961140513420105 0.5564726 -0.4396114 1.588587 -0.2058574 0.0 0.0 1985.7338 110.4986 3.396833 1.046782 0.30816412 5.920064 0.0 0.0 3.234895 0.32449735004789204 1.256967 0.0 3.141592653589793
0.5106940865516663 0.43022680282592773 0.5106941 -0.4302268 2.0200171 -0.9446242 0.0 0.0 312.2548 184.0478 3.876067 1.454787 0.37532556 6.230696 0.0 0.0 0.07143954 2.9061713386067183 0.4446692 0.0 3.141592653589793
0.6533980965614319 0.35487499833106995 -0.6533981 0.354875 1.340917 1.146364 0.0 130.07378 355.25354 200.3776 1.66807 1.424111 0.8537478 0.7800142 0.0 0.0 1.906139 0.45962779437118684 2.10531 3.141592653589793 0.0
0.16150610148906708 0.4474047124385834 0.1615061 -0.4474047 1.3480496 -0.7207164 0.0 4.5464354 1949.339 248.0587 2.35638 1.050466 0.4457965 3.530052 0.0 -0.0 5.257195 4.888665374517068 1.189923 0.0 3.141592653589793
0.6011077761650085 0.5955141186714172 -0.6011078 0.5955141 1.3138272 -0.3099339 0.0 238.241 260.15778 193.7446 1.519873 1.498599 0.9860028 2.168176 0.0 3.141592653589793 5.285113 1.6126844897300145 1.372916 3.141592653589793 0.0
0.6864765286445618 0.3660433888435364 -0.6864765 -0.3660434 1.8426609 0.6142242 0.0 0.0 1075.6082 180.2171 4.110785 1.17349 0.28546616 5.943788 0.0 0.0 3.472721 3.235783879958177 2.992131 3.141592653589793 3.141592653589793
0.02107062004506588 0.08253773301839828 -0.02107062 0.08253773 2.036758 0.9609591 0.0 0.0 127.92586 171.7611 3.352011 1.672177 0.49885786 0.5902075 0.0 0.0 4.982234 1.1864098663428706 0.1799008 3.141592653589793 0.0
0.7178156971931458 0.008815284818410873 0.7178157 0.008815285 1.2106283 -0.4321412 0.0 108.0402 1272.4884 239.9118 1.71387 1.137822 0.6638905 4.97656 0.0 0.0 5.944233 2.493499792814106 1.447628 0.0 0.0
0.02942436933517456 0.1820383071899414 0.02942437 0.1820383 1.933403 1.487894 0.0 0.0 924.9559 207.3637 4.426525 1.206084 0.27246746 5.634895 0.0 0.0 4.843437 0.5941274629805378 0.5938069 0.0 0.0
0.10826010257005692 0.4693247973918915 0.1082601 0.4693248 1.8393383 0.5488543 0.0 0.0 796.375 191.3971 3.827976 1.238933 0.32365224 2.417535 0.0 3.141592653589793 0.6378642 1.375553871774315 1.621515 0.0 0.0
0.28517019748687744 0.41247108578681946 -0.2851702 0.4124711 1.0781667 0.8982395 0.0 238.23221 2306.3452 224.7471 1.519882 1.017304 0.6693309 5.438944 0.0 0.0 4.929851 1.4772446603966785 0.9825143 3.141592653589793 0.0
0.6859859824180603 0.3344855010509491 -0.685986 0.3344855 2.0596588 -0.2118203 0.0 0.0 202.8345 227.1737 3.725113 1.558989 0.41850787 4.902413 0.0 0.0 0.9983357 6.062512864191518 1.256764 3.141592653589793 0.0
0.14478799700737 0.20632019639015198 0.144788 0.2063202 1.9081265 -0.3806807 0.0 0.0 594.8531 236.9421 3.900005 1.304377 0.3344552 3.707315 0.0 -0.0 2.924155 4.267711577958977 1.057104 0.0 0.0
0.16213290393352509 0.08580102026462555 -0.1621329 -0.08580102 1.7228059 -0.04349369 0.0 0.0 865.2136 180.8598 3.371265 1.220674 0.36208192 5.432932 0.0 0.0 6.084072 5.4397730109559745 0.8418617 3.141592653589793 3.141592653589793
0.5090836882591248 0.35304948687553406 -0.5090837 0.3530495 2.075421 -1.411244 0.0 0.0 11.886656 177.3201 2.567764 2.215852 0.86295 0.6812891 0.0 0.0 4.577149 4.714771972772866 1.119766 3.141592653589793 0.0
0.45443499088287354 0.28043749928474426 -0.454435 -0.2804375 2.055972 -0.2322309 0.0 0.0 32.874752 232.0668 2.802804 2.001271 0.7140246 2.43925 0.0 3.141592653589793 0.8102463 0.6363836471836137 1.55779 3.141592653589793 3.141592653589793
0.6259443163871765 0.5187472105026245 0.6259443 -0.5187472 1.9886891 -0.3411463 0.0 0.0 324.54016 115.3754 3.773747 1.445585 0.38306358 1.096802 0.0 0.0 3.990354 2.20308132913204 1.10408 0.0 3.141592653589793
0.11281339824199677 0.32811740040779114 -0.1128134 0.3281174 1.2628437 1.403787 0.0 56.74683 1270.8547 240.9073 1.871779 1.138092 0.6080269 4.176537 0.0 -0.0 1.104497 5.370386139865225 0.751231 3.141592653589793 0.0
0.4485887885093689 0.6379700899124146 -0.4485888 -0.6379701 2.0260253 0.7584971 0.0 0.0 834.42737 169.9085 4.807288 1.228634 0.25557736 3.009439 0.0 3.141592653589793 3.618745 1.4767637903977473 2.360782 3.141592653589793 3.141592653589793
0.5271803736686707 0.7299764752388 0.5271804 0.7299765 1.9494051 0.3045436 0.0 7.9463153 13.275416 213.5147 2.284594 2.195037 0.9607995 4.974313 0.0 0.0 1.471306 1.6216446566992175 1.486489 0.0 0.0
0.0763874500989914 0.6335490942001343 -0.07638745 -0.6335491 2.0448837 -0.5422009 0.0 0.0 607.10736 159.9431 4.573029 1.299745 0.2842197 5.881287 0.0 0.0 1.409418 2.336067990367958 1.499248 3.141592653589793 3.141592653589793
0.5558084845542908 0.2413821965456009 0.5558085 -0.2413822 1.8685446 -0.6292458 0.0 0.0 103.78106 157.3274 2.699385 1.723796 0.6385884 4.764745 0.0 0.0 4.176227 4.9549300070328925 1.423094 0.0 3.141592653589793
0.5540478229522705 0.15411309897899628 -0.5540478 0.1541131 2.0689378 0.7074914 0.0 0.0 5.2810116 239.855 2.413517 2.34033 0.96967614 1.210292 0.0 0.0 3.713432 3.1119648763823378 2.115952 3.141592653589793 0.0
0.4891546964645386 0.14720390737056732 0.4891547 -0.1472039 1.921485 -0.2867053 0.0 0.0 64.32824 171.5583 2.663829 1.841299 0.69122267 6.143959 0.0 0.0 3.963194 3.8918184324110214 2.001299 0.0 3.141592653589793
0.7265406250953674 0.6936988830566406 0.7265406 -0.6936989 1.9644616 0.6385656 0.0 0.0 40.934727 202.75 2.622774 1.950019 0.74349487 4.072802 0.0 -0.0 0.9616765 1.3695119238560522 2.179957 0.0 3.141592653589793
0.3412356972694397 0.6440346240997314 0.3412357 -0.6440346 2.0281386 -0.850639 0.0 0.0 40.324574 240.6759 2.796124 1.953566 0.6986693 3.089158 0.0 3.141592653589793 0.4509875 3.592260520043858 1.263034 0.0 3.141592653589793
0.21427419781684875 0.5522416830062866 0.2142742 0.5522417 2.0463545 -0.7795187 0.0 0.0 309.35388 192.1888 3.9809 1.457016 0.36600167 4.354802 0.0 -0.0 4.616387 5.795619015899213 0.7533208 0.0 0.0
0.3736385107040405 0.518886387348175 0.3736385 -0.5188864 1.9388561 -1.130009 0.0 0.0 38.13978 186.252 2.530138 1.966679 0.7773011 5.479888 0.0 0.0 4.607778 4.672030878643348 2.486166 0.0 3.141592653589793
0.14393700659275055 0.5163460969924927 0.143937 0.5163461 1.8910655 -0.6430765 0.0 11.08749 19.463821 195.7103 2.228569 2.117657 0.95023173 5.858758 0.0 0.0 0.7555017 3.8899764716596863 1.994163 0.0 0.0
0.503387987613678 0.39528441429138184 0.503388 -0.3952844 2.0189288 -1.146736 0.0 0.0 119.29504 100.3588 3.251353 1.689412 0.5196028 4.747113 0.0 0.0 4.862895 4.8510556352238225 1.929003 0.0 3.141592653589793
0.04387497156858444 0.12102189660072327 -0.04387497 -0.1210219 1.9157244 -0.3143725 0.0 0.0 744.2298 208.4836 4.13028 1.25396 0.30360168 4.148081 0.0 -0.0 4.275693 1.8979213502330907 1.800694 3.141592653589793 3.141592653589793
0.5903897881507874 0.015722230076789856 -0.5903898 -0.01572223 1.5661161 0.6170484 0.0 0.0 1380.2152 183.9211 3.027889 1.120825 0.37016717 3.859113 0.0 -0.0 6.194792 5.1630633108448905 2.245573 3.141592653589793 3.141592653589793
0.0889960303902626 0.1662188023328781 0.08899603 0.1662188 0.9494098 -0.5331858 0.0 1352.2421 1883.4171 157.2754 1.125092 1.057341 0.9397818 4.233375 0.0 -0.0 1.672809 5.892544101600727 2.404692 0.0 0.0
0.08581914752721786 0.04116198047995567 0.08581915 0.04116198 1.8258246 0.3984255 0.0 7.6188507 45.88081 242.5251 2.291055 1.922915 0.8393142 0.311165 0.0 0.0 1.814722 0.07065394161473648 0.1410187 0.0 0.0
0.6251540780067444 0.5204501748085022 0.6251541 0.5204502 1.3729627 0.1645036 0.0 14.879645 1110.067 249.1661 2.172783 1.166747 0.5369828 1.806728 0.0 3.141592653589793 0.2649094 0.6544242658579691 2.889531 0.0 0.0
0.5740364193916321 0.5603240728378296 -0.5740364 0.5603241 1.722248 -0.4234468 0.0 0.0 270.474 204.5535 2.672801 1.489228 0.5571788 3.785266 0.0 -0.0 2.809734 0.4340891296945628 2.109555 3.141592653589793 0.0
0.03167048841714859 0.6352543234825134 0.03167049 -0.6352543 1.662918 -1.290688 0.0 0.0 1463.6165 229.2684 3.504801 1.108656 0.31632495 0.1657316 0.0 0.0 4.540107 0.9305561544955125 1.064165 0.0 3.141592653589793
0.4681149125099182 0.41183629631996155 0.4681149 -0.4118363 1.7388159 -0.1072612 0.0 0.0 2244.8425 82.9859 4.290473 1.022584 0.23833828 1.799657 0.0 3.141592653589793 4.381575 1.6257128399898733 1.768051 0.0 3.141592653589793
0.5851680040359497 0.5842369794845581 0.585168 0.584237 2.0880551 -0.06301711 0.0 0.0 230.96744 247.7682 3.932653 1.527389 0.38838643 4.312856 0.0 -0.0 0.6386619 5.27722416322068 2.817487 0.0 0.0
0.2190134972333908 0.6417856216430664 0.2190135 0.6417856 1.6208456 -0.1598915 0.0 0.0 358.08893 147.6532 2.47459 1.422229 0.5747332 3.592565 0.0 -0.0 2.363982 5.041316173986715 2.402224 0.0 0.0
0.7412884831428528 0.2985402047634125 0.7412885 -0.2985402 1.7298253 -0.9792948 0.0 0.0 948.308 242.7621 3.470491 1.200662 0.34596315 3.931194 0.0 -0.0 4.334445 2.164192420756386 0.4521594 0.0 3.141592653589793
0.7474719285964966 0.7451180219650269 0.7474719 -0.745118 2.0853546 0.3358107 0.0 0.0 76.78335 243.5702 3.246843 1.797991 0.5537659 1.526916 0.0 0.0 2.120591 0.9079833843919332 0.3945234 0.0 3.141592653589793
0.742392897605896 0.5015091896057129 0.7423929 -0.5015092 1.9071186 -1.018435 0.0 0.0 621.48645 202.0206 3.93204 1.294438 0.32920265 0.9494168 0.0 0.0 2.23005 4.626988561476182 1.60132 0.0 3.141592653589793
0.664499819278717 0.45927420258522034 -0.6644998 -0.4592742 1.2335175 -0.8508574 0.0 101.64322 1092.9037 187.8335 1.728932 1.170076 0.6767623 4.062422 0.0 -0.0 3.328174 2.620208371465502 1.08969 3.141592653589793 3.141592653589793
0.5603067278862 0.5558127760887146 -0.5603067 0.5558128 1.6255939 -0.5894982 0.0 0.0 1805.0709 197.8355 3.497344 1.065873 0.30476642 5.771793 0.0 0.0 2.486626 2.8719199252867256 2.151849 3.141592653589793 0.0
0.15668989717960358 0.06838086992502213 -0.1566899 -0.06838087 1.8687652 0.09734201 0.0 0.0 401.63205 179.0203 3.435231 1.395179 0.40613836 3.052171 0.0 3.141592653589793 5.405102 5.857989165773333 1.503583 3.141592653589793 3.141592653589793
0.48372969031333923 0.17967170476913452 -0.4837297 0.1796717 1.89851 0.4780309 0.0 0.0 815.4987 190.81 4.13025 1.233691 0.29869643 2.513785 0.0 3.141592653589793 0.1080516 0.26191519969719224 1.332002 3.141592653589793 0.0
0.14992210268974304 0.6620059013366699 -0.1499221 -0.6620059 1.9884306 0.6365846 0.0 0.0 40.166798 216.4967 2.682674 1.954491 0.7285608 1.737252 0.0 3.141592653589793 0.4825401 5.377841898328924 0.8170902 3.141592653589793 3.141592653589793
0.4158312976360321 0.5836756229400635 0.4158313 0.5836756 1.7118281 0.4004177 0.0 0.0 2196.4395 230.4804 4.118372 1.026856 0.24933541 3.486228 0.0 -0.0 1.747698 2.097142780147202 1.039573 0.0 0.0
