lambda_1 lambda_2 mass_1 mass_2 chirp_mass mass_ratio luminosity_distance dec ra psi phase theta_jn a_1 a_2 tilt_1 tilt_2 phi_12 phi_jl geocent_time
0.0 0.0 4.19273 3.303826 3.2354605 0.78798926 117.3727 0.7436306 1.6583182369608451 3.485677 1.699313 0.6940988 0.11340010166168213 0.4621985852718353 3.141592653589793 3.141592653589793 0.0 3.141592653589793 0.0
0.0 0.0 4.85317 4.478703 4.058008 0.9228408 118.5834 0.5822855 5.921527982273545 0.6352183 2.708348 1.605204 0.4873634874820709 0.5123475193977356 0.0 0.0 0.0 3.141592653589793 0.0
0.0 0.0 4.285855 3.644291 3.4382234 0.8503067 188.4083 0.00164187 1.479580095455681 3.672152 0.3349948 1.85496 0.7218645215034485 0.25874510407447815 3.141592653589793 3.141592653589793 0.0 0.0 0.0
0.0 0.0 3.964827 3.513263 3.2479014 0.8861075 243.4033 0.8826835 4.5145224423571975 3.406777 3.752862 0.8689131 0.47859489917755127 0.40968748927116394 0.0 0.0 0.0 -0.0 0.0
0.0 0.0 4.961967 3.88585 3.8169527 0.78312695 230.3086 -1.032683 4.085038606800886 3.909819 1.54353 2.444872 0.3558005094528198 0.5998870730400085 0.0 3.141592653589793 0.0 0.0 0.0
0.0 0.0 4.052248 3.705736 3.3728151 0.9144889 230.6245 -0.5591339 0.17217513742814106 0.2236355 1.137375 2.398368 0.633843719959259 0.12548929452896118 3.141592653589793 3.141592653589793 0.0 0.0 0.0
0.0 0.0 4.545301 3.926908 3.6759424 0.86394894 149.905 0.1598622 4.001592980955543 0.2882819 1.618821 2.230417 0.5430585145950317 0.43409648537635803 0.0 3.141592653589793 0.0 3.141592653589793 0.0
0.0 0.0 4.908265 4.574142 4.1243825 0.9319264 181.0957 -0.7159051 1.7240278484388654 1.073458 4.605783 1.641492 0.45856231451034546 0.4630812108516693 3.141592653589793 3.141592653589793 0.0 -0.0 0.0
0.0 0.0 4.773469 3.643039 3.623701 0.7631848 187.0345 -1.18029 4.449228820212234 5.266244 5.791844 2.281075 0.06250456720590591 0.40053460001945496 3.141592653589793 0.0 0.0 0.0 0.0
0.0 0.0 4.817769 3.083488 3.3388257 0.640024 138.5219 -0.02547885 3.638000664835495 2.710783 4.507549 1.588297 0.23226860165596008 0.5142732858657837 0.0 3.141592653589793 0.0 -0.0 0.0
0.0 0.0 4.160216 3.89205 3.5026197 0.9355404 182.6214 0.07871397 1.1497444566195298 3.784508 2.340946 0.9976995 0.16371209919452667 0.03973466902971268 0.0 3.141592653589793 0.0 3.141592653589793 0.0
0.0 0.0 4.466022 3.13623 3.2479463 0.7022424 135.7548 -0.9485228 1.0049512696424898 5.499253 3.672404 1.362793 0.2818160951137543 0.6755111217498779 0.0 3.141592653589793 0.0 -0.0 0.0
0.0 0.0 4.0012 3.674618 3.3374639 0.91837895 144.8011 0.2024777 3.755640273826586 5.584727 2.859581 0.5374093 0.5072340965270996 0.08244834095239639 0.0 3.141592653589793 0.0 3.141592653589793 0.0
0.0 0.0 4.398268 3.449101 3.3856945 0.78419524 246.2514 -0.1978176 2.2325308350556696 2.826034 1.849444 1.371588 0.1714920997619629 0.28171101212501526 3.141592653589793 0.0 0.0 3.141592653589793 0.0
0.0 0.0 4.841584 4.501779 4.063707 0.9298153 185.5609 -0.4954704 4.186636536003945 5.862212 6.19452 2.839684 0.0022581329103559256 0.12206509709358215 0.0 3.141592653589793 0.0 0.0 0.0
0.0 0.0 3.98301 3.814215 3.392985 0.9576212 135.2023 -0.9367692 2.0189123442543604 4.255841 0.8281917 0.8702999 0.5360153913497925 0.6463459730148315 3.141592653589793 3.141592653589793 0.0 0.0 0.0
0.0 0.0 4.35309 3.482076 3.3851032 0.79990906 169.2202 -0.6911659 2.9587302076253508 2.568865 0.104829 1.350192 0.3343510031700134 0.5610712170600891 0.0 0.0 0.0 0.0 0.0
0.0 0.0 4.439938 4.204363 3.7609742 0.9469418 162.5426 0.2400029 4.234273588023072 4.697592 2.476537 1.60315 0.2846406102180481 0.592962384223938 3.141592653589793 0.0 0.0 3.141592653589793 0.0
0.0 0.0 4.068898 3.552836 3.3084185 0.87316906 196.7553 1.494609 0.7878755951577645 0.9010064 3.941669 1.734837 0.32016828656196594 0.7464486956596375 0.0 3.141592653589793 0.0 -0.0 0.0
0.0 0.0 4.916901 2.79432 3.2015183 0.5683092 245.8922 -0.6859515 0.45885680280198216 1.791078 0.2123333 0.3241868 0.0712643414735794 0.6508687138557434 0.0 3.141592653589793 0.0 0.0 0.0
0.0 0.0 4.570944 4.29616 3.857407 0.9398847 224.4931 0.7542931 5.311689935566548 0.1257521 0.6545596 1.326143 0.47625258564949036 0.3723522126674652 0.0 0.0 0.0 0.0 0.0
0.0 0.0 3.799187 3.544319 3.194136 0.9329151 144.5435 -0.07133118 2.3868924386378225 1.862661 1.681499 0.7337465 0.24229350686073303 0.706641674041748 0.0 3.141592653589793 0.0 3.141592653589793 0.0
0.0 0.0 4.025515 3.732433 3.3739507 0.92719394 209.8307 -0.9170378 0.0032742973461594715 1.596351 0.2233966 1.548469 0.6459429264068604 0.13968859612941742 3.141592653589793 3.141592653589793 0.0 0.0 0.0
0.0 0.0 4.593929 3.860355 3.6632924 0.84031665 122.274 -0.2490006 0.7808706524564499 0.4533023 4.777775 1.412213 0.6270356178283691 0.43450531363487244 3.141592653589793 3.141592653589793 0.0 0.0 0.0
0.0 0.0 4.624797 2.957848 3.2038856 0.6395628 248.2193 -0.9668074 5.930040087016913 0.4469419 5.143898 1.505795 0.04826359078288078 0.715722918510437 3.141592653589793 3.141592653589793 0.0 0.0 0.0
0.0 0.0 4.92233 4.204812 3.9580698 0.8542321 128.233 -0.2286808 2.1646294985011068 4.056969 0.6806916 1.24443 0.48632970452308655 0.37549149990081787 0.0 3.141592653589793 0.0 0.0 0.0
0.0 0.0 4.553607 3.984334 3.706433 0.87498415 179.9446 0.09727182 2.3990721166716185 0.5142098 5.182658 0.4352037 0.5589786767959595 0.32714539766311646 0.0 3.141592653589793 0.0 0.0 0.0
0.0 0.0 4.960432 2.965026 3.3168354 0.5977354 203.9726 -1.406153 0.48578951267120374 3.99293 0.8012279 1.053907 0.25595369935035706 0.1291200965642929 3.141592653589793 0.0 0.0 0.0 0.0
0.0 0.0 4.860827 3.875133 3.7734272 0.79721683 197.8445 0.6789014 0.5800833427289263 2.039676 2.738263 3.130355 0.2684149146080017 0.5713332891464233 0.0 3.141592653589793 0.0 3.141592653589793 0.0
0.0 0.0 4.779339 3.506666 3.5553985 0.7337136 133.004 1.290426 0.12939720290307832 5.2619 2.989536 1.637981 0.7358183860778809 0.6393923759460449 0.0 3.141592653589793 0.0 3.141592653589793 0.0
0.0 0.0 4.250537 3.547717 3.3778179 0.8346515 214.2507 0.0615997 5.696488590100579 1.037107 2.366938 0.9419363 0.25228220224380493 0.2723253071308136 3.141592653589793 3.141592653589793 0.0 3.141592653589793 0.0
0.0 0.0 4.124401 3.46867 3.2902648 0.84101176 220.2326 -0.02137687 0.7587145055673545 5.092121 3.816745 0.9567568 0.36647000908851624 0.17175740003585815 3.141592653589793 0.0 0.0 -0.0 0.0
0.0 0.0 3.813428 3.80356 3.3154836 0.9974123 248.1423 0.299964 4.060574566037417 3.253531 5.301765 1.035031 0.39458519220352173 0.7235348224639893 0.0 0.0 0.0 0.0 0.0
0.0 0.0 4.406774 4.084597 3.692891 0.92689055 212.8126 0.005329157 2.8308395542204607 6.159222 5.239644 2.849263 0.06394557654857635 0.24923700094223022 3.141592653589793 3.141592653589793 0.0 0.0 0.0
0.0 0.0 4.157969 4.156764 3.6191978 0.9997102 203.9526 -1.298108 3.3707015597159184 3.30037 6.063168 2.903177 0.06931270658969879 0.2951095998287201 0.0 3.141592653589793 0.0 0.0 0.0
0.0 0.0 4.550896 4.439089 3.9127553 0.9754318 243.9475 -0.5004598 4.356853772036288 0.3045192 3.542319 2.044616 0.22821049392223358 0.4978402853012085 0.0 0.0 0.0 -0.0 0.0
0.0 0.0 4.236968 3.820595 3.501636 0.9017286 236.817 -0.1342228 1.1846840698256997 5.281957 2.568458 2.198422 0.5054321885108948 0.5621098875999451 3.141592653589793 0.0 0.0 3.141592653589793 0.0
0.0 0.0 4.651834 2.969516 3.2194343 0.6383538 236.1931 -0.2224644 2.3343247037686083 1.96305 1.997343 1.265593 0.16681210696697235 0.12199670076370239 0.0 0.0 0.0 3.141592653589793 0.0
0.0 0.0 4.609934 3.412368 3.4450104 0.7402206 67.7545 -1.094448 4.732590450365343 3.147382 0.2798055 1.142397 0.1787288933992386 0.3886569142341614 3.141592653589793 0.0 0.0 0.0 0.0
0.0 0.0 4.895807 2.766663 3.1782978 0.5651087 182.0824 0.3241555 0.25116754042242206 4.484027 4.442714 2.590314 0.22635239362716675 0.3011380136013031 3.141592653589793 0.0 0.0 -0.0 0.0
0.0 0.0 4.689924 3.735242 3.6389415 0.79643977 173.8269 -0.467203 1.5199080714067819 2.302222 3.731454 0.4025194 0.5661197900772095 0.34240278601646423 3.141592653589793 0.0 0.0 -0.0 0.0
0.0 0.0 4.419751 4.015826 3.666745 0.9086091 184.4516 -0.1759147 1.9973659886148667 3.048317 5.802216 0.9546838 0.7032787799835205 0.4544506072998047 0.0 3.141592653589793 0.0 0.0 0.0
0.0 0.0 4.938096 3.224055 3.4579308 0.6528944 144.7202 0.3828405 0.1339265546731241 3.465218 3.691992 1.825503 0.5796679854393005 0.561874508857727 0.0 0.0 0.0 -0.0 0.0
0.0 0.0 4.629169 3.312171 3.3993099 0.7155001 192.9341 0.0611271 5.028630650353399 0.2606431 1.356233 0.3069326 0.3141101896762848 0.5445516109466553 0.0 0.0 0.0 0.0 0.0
0.0 0.0 4.553313 4.054748 3.7393298 0.8905051 109.4698 -0.4390579 5.850724043439506 0.4337663 3.096158 1.278065 0.000739626819267869 0.10230830311775208 3.141592653589793 0.0 0.0 3.141592653589793 0.0
0.0 0.0 4.623548 3.143529 3.3066192 0.6798954 186.9388 0.4225305 4.732917731597219 4.863256 2.96956 2.121356 0.6870288848876953 0.3040092885494232 0.0 0.0 0.0 3.141592653589793 0.0
0.0 0.0 4.133773 3.989096 3.5350115 0.9650012 233.6635 -0.3566436 5.951161429386367 5.685225 1.506472 2.020333 0.554111123085022 0.19334650039672852 0.0 3.141592653589793 0.0 0.0 0.0
0.0 0.0 4.308883 4.006099 3.6164262 0.9297303 117.9886 0.003998052 2.2458398484769333 3.388865 0.611404 2.437363 0.5208138823509216 0.6575047969818115 3.141592653589793 0.0 0.0 0.0 0.0
0.0 0.0 3.840048 3.805874 3.3280413 0.99110067 203.25 0.5624846 0.7530996044689147 0.1161845 3.811661 3.11105 0.4329245090484619 0.328779399394989 0.0 0.0 0.0 -0.0 0.0
0.0 0.0 4.733603 3.043927 3.2885716 0.6430465 219.4354 -0.09293835 1.661445208405965 3.331684 5.011615 2.605697 0.4623430073261261 0.4916175901889801 0.0 0.0 0.0 0.0 0.0
0.0 0.0 4.246395 4.05693 3.6131032 0.95538217 230.2664 -0.3626061 3.24791553733219 5.008647 3.413684 1.013125 0.3659099042415619 0.014521829783916473 0.0 0.0 0.0 -0.0 0.0
0.0 0.0 4.427713 3.027596 3.1759477 0.6837833 199.0672 0.469221 3.97550009737013 3.089629 1.998382 0.8107129 0.2097253054380417 0.23801720142364502 3.141592653589793 3.141592653589793 0.0 3.141592653589793 0.0
0.0 0.0 4.652231 4.044104 3.774183 0.8692827 65.17249 1.310987 2.574115227944098 4.731534 5.389153 1.923916 0.06029793992638588 0.02299566939473152 0.0 0.0 0.0 0.0 0.0
0.0 0.0 4.94981 3.801449 3.7697153 0.767999 121.9362 0.3702555 2.1601591163706004 0.3146699 5.337243 1.125155 0.5975785255432129 0.4457379877567291 0.0 3.141592653589793 0.0 0.0 0.0
0.0 0.0 4.925717 3.863609 3.7921586 0.78437495 153.5909 0.06392863 3.6513408633791897 1.312477 3.105586 2.396454 0.6205193996429443 0.361295610666275 3.141592653589793 0.0 0.0 3.141592653589793 0.0
0.0 0.0 4.550941 3.88742 3.6593673 0.8542014 198.809 -1.220859 4.65039212150721 0.3621842 5.221537 1.705555 0.7289143204689026 0.1339098960161209 0.0 3.141592653589793 0.0 0.0 0.0
0.0 0.0 4.907542 4.789169 4.2203617 0.9758793 237.8475 -0.5248823 0.9333000350523477 0.07906781 4.503289 2.244021 0.25172939896583557 0.4307740032672882 0.0 3.141592653589793 0.0 -0.0 0.0
0.0 0.0 4.519656 3.651924 3.5327678 0.8080092 188.0626 0.5688425 1.1487476267428107 5.338911 1.339278 1.571144 0.6054484844207764 0.7071753740310669 3.141592653589793 3.141592653589793 0.0 0.0 0.0
0.0 0.0 4.51427 3.242257 3.3214486 0.71822405 142.2297 -0.5983497 1.3480529370934207 5.268703 1.556074 0.2111253 0.1723403036594391 0.3045214116573334 3.141592653589793 3.141592653589793 0.0 0.0 0.0
0.0 0.0 4.813692 4.809586 4.1887755 0.999147 199.1119 1.040401 3.0121192469448985 0.5789582 4.912495 2.500823 0.1538027971982956 0.3149346113204956 3.141592653589793 0.0 0.0 0.0 0.0
0.0 0.0 4.719067 4.357285 3.9469447 0.9233361 225.4746 0.05545693 4.449511091464778 4.014021 2.582894 2.095326 0.7314603924751282 0.2576664984226227 0.0 0.0 0.0 3.141592653589793 0.0
0.0 0.0 4.668847 4.341512 3.9188805 0.92988956 248.2607 -0.2341649 3.976861887953241 6.228367 5.791308 2.135032 0.15182210505008698 0.5760864019393921 0.0 0.0 0.0 0.0 0.0
0.0 0.0 4.85258 4.225664 3.940218 0.8708077 239.261 -0.7222755 0.5142252585906419 1.028806 0.5078588 1.676136 0.36821600794792175 0.1331298053264618 3.141592653589793 0.0 0.0 0.0 0.0
0.0 0.0 4.081155 3.48446 3.2808192 0.85379267 229.4331 1.224049 1.4274377875522362 5.228909 3.717412 0.511506 0.0731109082698822 0.2188849002122879 0.0 3.141592653589793 0.0 -0.0 0.0
0.0 0.0 3.896834 3.575902 3.2490962 0.9176429 55.07999 0.4748098 3.2648964746154263 5.559455 1.481706 0.6481003 0.05468909069895744 0.6134678721427917 3.141592653589793 0.0 0.0 0.0 0.0
0.0 0.0 4.85618 4.18449 3.9221332 0.8616835 181.8508 0.2737481 2.2886491020440474 1.434318 5.77379 2.598696 0.020531300455331802 0.38226979970932007 0.0 3.141592653589793 0.0 0.0 0.0
0.0 0.0 4.981747 3.976836 3.869936 0.7982814 248.441 0.6621559 1.1144550275171525 1.698802 0.01007379 0.4577301 0.21325179934501648 0.3057667016983032 0.0 3.141592653589793 0.0 0.0 0.0
0.0 0.0 4.395798 4.066236 3.6799617 0.9250279 208.9911 -0.6198814 1.4256706417229523 3.542111 0.55152 2.792641 0.23794250190258026 0.7499039769172668 0.0 3.141592653589793 0.0 0.0 0.0
0.0 0.0 4.61889 4.560727 3.9955642 0.9874076 209.3039 0.2734124 5.786276632771234 5.687498 4.212183 0.9462752 0.033457398414611816 0.05032775178551674 0.0 3.141592653589793 0.0 -0.0 0.0
0.0 0.0 4.545878 4.401113 3.8937924 0.96815467 222.5022 -0.5032749 2.581238325089778 4.508266 0.1265678 1.037737 0.697471022605896 0.17867699265480042 0.0 0.0 0.0 0.0 0.0
0.0 0.0 4.435018 3.499282 3.4247026 0.7890119 243.9435 -0.6308387 5.494274955297925 1.766272 3.217628 1.752671 0.3386344015598297 0.719154417514801 0.0 3.141592653589793 0.0 -0.0 0.0
0.0 0.0 4.489256 4.371098 3.8562818 0.97367984 155.2646 0.4759028 3.0920193745416853 1.920478 5.258534 0.4223956 0.07934568077325821 0.5410478711128235 0.0 3.141592653589793 0.0 0.0 0.0
0.0 0.0 4.986835 3.752927 3.7585225 0.75256693 246.0555 -0.7836788 2.754152029812083 5.18283 5.612447 1.361857 0.1874781996011734 0.4790526032447815 0.0 3.141592653589793 0.0 0.0 0.0
0.0 0.0 4.842629 4.153516 3.9019973 0.85769856 186.7245 -0.5408945 2.2171434203057814 3.220107 2.111162 1.755146 0.7331724166870117 0.02211970090866089 0.0 3.141592653589793 0.0 3.141592653589793 0.0
0.0 0.0 4.301292 4.142295 3.674503 0.96303505 138.6881 -0.3695797 1.4996173572489937 3.301544 3.38946 1.783117 0.2750549018383026 0.0016557660419493914 3.141592653589793 0.0 0.0 -0.0 0.0
0.0 0.0 4.92527 3.777755 3.7485583 0.7670148 228.1489 0.5040627 5.090537715359446 0.7858605 5.902932 1.433678 0.21027399599552155 0.41585031151771545 3.141592653589793 0.0 0.0 0.0 0.0
0.0 0.0 4.917956 4.396425 4.046689 0.8939537 153.1944 0.7711403 3.5409584527715054 5.995609 2.099733 2.533239 0.4609769880771637 0.5687226057052612 0.0 0.0 0.0 3.141592653589793 0.0
0.0 0.0 4.620543 3.064789 3.262298 0.6632963 213.3134 0.6678911 0.09298768513937006 0.2758204 5.324857 1.999667 0.11952939629554749 0.13371959328651428 3.141592653589793 3.141592653589793 0.0 0.0 0.0
0.0 0.0 4.9996 2.989755 3.3437994 0.59799886 175.6522 1.219622 4.248892507874835 5.227865 2.795547 0.5296543 0.5608810782432556 0.5449380874633789 0.0 3.141592653589793 0.0 3.141592653589793 0.0
0.0 0.0 4.627298 4.037782 3.7612112 0.87260044 219.2079 0.7523568 3.2940654825894953 6.249033 5.824451 1.273905 0.4922029972076416 0.706214189529419 3.141592653589793 0.0 0.0 0.0 0.0
0.0 0.0 4.419321 4.365129 3.823567 0.9877375 237.1695 -0.5923048 4.770441801078697 5.950325 2.260594 1.528361 0.749719500541687 0.7069607973098755 3.141592653589793 3.141592653589793 0.0 3.141592653589793 0.0
0.0 0.0 4.760382 4.018253 3.8047147 0.844103 164.2034 -0.003899703 3.77202900396761 3.303681 1.711089 1.095721 0.5771052837371826 0.4063878059387207 3.141592653589793 0.0 0.0 3.141592653589793 0.0
0.0 0.0 4.986161 4.188211 3.9752247 0.839967 239.2677 1.321336 3.9266567413967195 2.413769 4.789927 0.8379414 0.07349693775177002 0.6728736162185669 3.141592653589793 3.141592653589793 0.0 0.0 0.0
0.0 0.0 4.971464 4.744524 4.227745 0.9543514 236.4868 0.005984819 1.7427743518298584 0.4262236 5.889142 1.06378 0.6343163847923279 0.5568547248840332 3.141592653589793 3.141592653589793 0.0 0.0 0.0
0.0 0.0 4.17366 3.436305 3.2937357 0.82333136 204.4718 0.8724218 4.462231422682372 2.241147 4.674061 1.32281 0.33368128538131714 0.47384729981422424 3.141592653589793 3.141592653589793 0.0 -0.0 0.0
0.0 0.0 4.252315 3.145966 3.1768851 0.7398243 61.93435 -0.172032 0.6312306152535143 5.610363 3.638288 1.927634 0.745513379573822 0.3569698929786682 0.0 3.141592653589793 0.0 -0.0 0.0
0.0 0.0 4.305438 3.676124 3.4612021 0.8538328 215.7787 0.09314781 3.2893870373470335 4.623334 0.2905081 2.233248 0.7055448293685913 0.3040091097354889 3.141592653589793 3.141592653589793 0.0 0.0 0.0
0.0 0.0 4.753533 4.587033 4.064943 0.9649734 119.9165 -0.07044227 5.559137310944344 0.5633841 2.17545 0.5559458 0.2436370998620987 0.6789031028747559 0.0 3.141592653589793 0.0 3.141592653589793 0.0
0.0 0.0 4.947041 2.910468 3.2804098 0.588325 92.20519 -1.256992 3.398760078256089 0.8922032 1.698723 1.31086 0.499787300825119 0.4740074872970581 0.0 3.141592653589793 0.0 3.141592653589793 0.0
0.0 0.0 4.882345 3.651614 3.6680722 0.7479221 233.8881 -0.05417875 2.1377157895325922 1.093365 2.200001 2.021689 0.7455232739448547 0.6682857871055603 0.0 3.141592653589793 0.0 3.141592653589793 0.0
0.0 0.0 4.057756 3.77699 3.407643 0.9308076 144.756 0.3601134 1.8879975847953006 0.4770497 0.6854064 1.197233 0.7108622193336487 0.17609070241451263 3.141592653589793 0.0 0.0 0.0 0.0
0.0 0.0 4.884109 3.912644 3.8009222 0.80109674 231.569 0.6761 2.1432267529739306 2.968173 1.276373 2.61206 0.7405961155891418 0.469998300075531 3.141592653589793 0.0 0.0 0.0 0.0
0.0 0.0 4.631245 3.38722 3.4395885 0.7313843 200.1864 0.9358795 3.284866390487366 2.104886 5.46817 1.7606 0.39005759358406067 0.040945351123809814 3.141592653589793 0.0 0.0 0.0 0.0
0.0 0.0 4.909669 4.160112 3.9316516 0.84733045 217.8154 0.1256245 1.7104674746219075 2.366711 4.652974 1.73928 0.30827128887176514 0.33797070384025574 0.0 3.141592653589793 0.0 -0.0 0.0
0.0 0.0 4.260227 4.220662 3.6914735 0.99071294 213.0535 -0.5370948 5.749531241788134 1.37394 2.339162 1.320464 0.29067981243133545 0.22881880402565002 3.141592653589793 0.0 0.0 3.141592653589793 0.0
0.0 0.0 4.495025 3.794676 3.5928273 0.84419465 126.0302 0.1417594 5.452088064804627 1.679671 4.668119 0.3949236 0.3484134078025818 0.2798505127429962 3.141592653589793 3.141592653589793 0.0 -0.0 0.0
0.0 0.0 4.390897 3.956906 3.6276965 0.90116125 247.9339 0.2118634 2.136121835505186 2.974765 0.2082063 1.78927 0.6081694960594177 0.2045276015996933 0.0 0.0 0.0 0.0 0.0
0.0 0.0 4.139417 3.52042 3.3210568 0.85046273 224.0383 -0.2848755 0.2506746859764135 5.384624 5.478446 0.4643628 0.2752777934074402 0.12982800602912903 0.0 3.141592653589793 0.0 0.0 0.0
0.0 0.0 4.623143 4.336655 3.8975859 0.93803173 226.9917 -0.873042 3.308001975601144 4.014598 5.74291 0.9524126 0.4297564923763275 0.5791553258895874 3.141592653589793 0.0 0.0 0.0 0.0
0.0 0.0 4.795709 3.129725 3.3574598 0.6526094 194.5544 -1.046138 1.754965155854883 0.2021501 6.052224 0.729933 0.21379919350147247 0.6270003914833069 3.141592653589793 0.0 0.0 0.0 0.0
0.0 0.0 4.489933 3.626891 3.5090325 0.8077828 190.718 -0.6688271 0.6146432891584155 3.562805 0.2928827 1.713655 0.5022991895675659 0.20612390339374542 0.0 3.141592653589793 0.0 0.0 0.0
0.0 0.0 4.181381 4.013174 3.565986 0.95977235 185.9075 -0.6476892 0.12082180350640925 5.607068 6.14234 0.7756239 0.7255113124847412 0.24215810000896454 3.141592653589793 3.141592653589793 0.0 0.0 0.0
0.0 0.0 4.945162 4.078469 3.905983 0.8247392 227.7382 -0.7891896 3.5609119114271053 6.216928 2.143162 0.8190523 0.2306073009967804 0.48966020345687866 0.0 3.141592653589793 0.0 3.141592653589793 0.0
0.0 0.0 4.851656 4.154613 3.9061 0.85632885 246.9492 0.6087288 4.699130671466413 1.682788 3.193981 1.860427 0.4535354971885681 0.3437331020832062 0.0 0.0 0.0 -0.0 0.0
0.0 0.0 4.033518 3.311122 3.1783476 0.82090175 238.2882 0.274247 2.3852733617860977 0.8176252 2.490784 2.747321 0.25529760122299194 0.3631739020347595 0.0 0.0 0.0 3.141592653589793 0.0
0.0 0.0 4.302052 4.162541 3.6838276 0.967571 216.0694 -0.2642744 1.7986730426384057 0.8941175 0.252753 1.957914 0.007332697045058012 0.3063529133796692 3.141592653589793 0.0 0.0 0.0 0.0
0.0 0.0 4.932493 3.530298 3.6226301 0.7157228 147.3115 -0.9682594 5.2681938216739255 2.015975 0.9300128 0.5933672 0.5703591108322144 0.2348242998123169 3.141592653589793 3.141592653589793 0.0 0.0 0.0
0.0 0.0 4.976395 3.576909 3.662916 0.71877515 124.2044 0.2826296 0.3369237032974439 5.369751 2.559341 0.9407051 0.7150539755821228 0.08727256208658218 0.0 3.141592653589793 0.0 3.141592653589793 0.0
0.0 0.0 4.266942 3.715206 3.4644625 0.8706952 201.9045 0.056105 2.8478685170740974 4.443182 2.134815 1.571604 0.6820669770240784 0.5108668208122253 3.141592653589793 3.141592653589793 0.0 3.141592653589793 0.0
0.0 0.0 4.421443 3.627874 3.4831963 0.8205181 202.2254 -0.6702863 0.46325773634534073 0.884863 5.116549 2.190046 0.34600821137428284 0.4616439938545227 0.0 0.0 0.0 0.0 0.0
0.0 0.0 4.802405 3.515321 3.5682342 0.7319918 231.9003 0.5556459 4.468320941745482 4.749926 5.723456 1.485066 0.7089976072311401 0.45804670453071594 3.141592653589793 0.0 0.0 0.0 0.0
0.0 0.0 4.732479 4.566234 4.046724 0.96487147 219.0235 0.6061726 0.6205247586411957 5.730029 1.994285 1.278716 0.3587956130504608 0.6305025815963745 3.141592653589793 0.0 0.0 3.141592653589793 0.0
0.0 0.0 4.992997 3.739604 3.7539065 0.7489698 131.8416 0.09834398 1.853661568945327 5.421315 2.618437 2.307905 0.4324856102466583 0.2860735058784485 0.0 0.0 0.0 3.141592653589793 0.0
0.0 0.0 4.21111 3.341149 3.2610698 0.7934129 198.9738 -0.1366078 4.325692997656816 2.819569 5.480237 0.5486737 0.08231416344642639 0.6116924285888672 3.141592653589793 3.141592653589793 0.0 0.0 0.0
0.0 0.0 4.456216 3.863855 3.610496 0.86707085 198.0502 1.069716 5.002949227077707 1.489115 2.364363 1.105643 0.052318550646305084 0.36366990208625793 3.141592653589793 3.141592653589793 0.0 3.141592653589793 0.0
0.0 0.0 4.947132 4.71097 4.202425 0.9522628 166.0959 -1.302421 0.007252765860918942 3.107595 2.130153 1.148696 0.572012722492218 0.307725191116333 0.0 3.141592653589793 0.0 3.141592653589793 0.0
0.0 0.0 4.203557 3.518877 3.345506 0.8371189 171.592 -0.8871654 4.249145130183834 0.05447487 4.699806 0.7899517 0.4446049928665161 0.5879225730895996 0.0 0.0 0.0 -0.0 0.0
0.0 0.0 4.6522 4.244921 3.8678262 0.91245455 122.9446 0.3407494 5.472112209369598 0.6625991 1.69232 0.4294204 0.671410083770752 0.3871704041957855 3.141592653589793 0.0 0.0 3.141592653589793 0.0
0.0 0.0 4.909806 3.459922 3.5771418 0.7046963 179.5112 0.7184212 5.456012715375337 5.80949 1.412063 1.868027 0.23061420023441315 0.4931657016277313 3.141592653589793 3.141592653589793 0.0 0.0 0.0
0.0 0.0 4.975969 4.629915 4.1779475 0.930455 158.2362 -0.8516461 6.1117805738112025 5.769131 2.649906 1.562773 0.17573590576648712 0.21008500456809998 0.0 3.141592653589793 0.0 3.141592653589793 0.0
0.0 0.0 4.830809 3.411983 3.5237186 0.7062964 175.4162 1.198071 2.769078774157258 4.275791 4.658817 0.8496353 0.5943089127540588 0.468504399061203 0.0 0.0 0.0 -0.0 0.0
0.0 0.0 4.716429 3.703715 3.6331775 0.78527945 143.3454 -1.091329 5.701682317432294 1.314793 4.496706 2.385318 0.12195420265197754 0.6624730229377747 0.0 3.141592653589793 0.0 -0.0 0.0
0.0 0.0 4.612317 4.403 3.9228754 0.9546178 172.6073 -0.7849303 0.21053452400005312 1.657971 1.083854 0.7559901 0.03513418883085251 0.13633869588375092 0.0 0.0 0.0 0.0 0.0
0.0 0.0 4.276533 3.72988 3.4752371 0.8721738 233.2029 0.1077023 5.509465675085828 1.711744 5.898453 0.8556311 0.005800186190754175 0.2340535968542099 3.141592653589793 3.141592653589793 0.0 0.0 0.0
0.0 0.0 4.057364 3.292106 3.1781871 0.81139034 166.6876 -0.7656911 4.279881137144564 0.2778775 5.700869 0.2597568 0.7385265231132507 0.49119189381599426 0.0 0.0 0.0 0.0 0.0
0.0 0.0 4.274853 4.06099 3.6269534 0.94997174 200.8342 1.217234 0.2684874012214493 1.289426 6.114538 2.206628 0.08167848736047745 0.37252581119537354 0.0 3.141592653589793 0.0 0.0 0.0
0.0 0.0 4.955065 4.13966 3.9395857 0.8354401 244.9918 -0.2173319 1.3200233830014838 5.729137 3.108806 1.643592 0.7352362275123596 0.020029699429869652 3.141592653589793 3.141592653589793 0.0 3.141592653589793 0.0
0.0 0.0 4.46419 3.139943 3.249292 0.7033623 171.8922 1.220592 4.490652389298354 4.878554 5.646273 1.85395 0.7075852155685425 0.610442578792572 0.0 0.0 0.0 0.0 0.0
0.0 0.0 3.690403 3.689934 3.2124784 0.9998729 122.9921 1.425575 0.3627500272872055 1.376534 5.07721 1.444261 0.1388022005558014 0.4840969145298004 3.141592653589793 0.0 0.0 0.0 0.0
0.0 0.0 4.689819 4.059362 3.796425 0.865569 242.1245 1.120851 3.9553081248326123 5.217705 1.150287 1.554791 0.4995031952857971 0.2874431014060974 0.0 3.141592653589793 0.0 0.0 0.0
0.0 0.0 4.723174 4.387485 3.9624138 0.92892724 170.9237 0.663392 3.2065320194254525 5.412951 0.4567859 2.930285 0.1914214938879013 0.1889909952878952 0.0 3.141592653589793 0.0 0.0 0.0
0.0 0.0 4.601814 4.288293 3.8667555 0.93187016 246.0001 -1.384479 5.5482961296387145 1.427125 1.515322 2.394794 0.567912220954895 0.4798746109008789 0.0 0.0 0.0 0.0 0.0
0.0 0.0 4.98451 3.133425 3.4221258 0.6286325 154.3719 0.3825049 4.254465912863765 5.328646 3.952633 0.4731292 0.26695749163627625 0.08952244371175766 0.0 3.141592653589793 0.0 -0.0 0.0
0.0 0.0 4.13627 3.542693 3.3304656 0.8564946 130.367 0.3043621 1.6808546530977253 6.071566 0.1987323 1.048157 0.731846272945404 0.11642610281705856 0.0 3.141592653589793 0.0 0.0 0.0
0.0 0.0 4.929471 3.233448 3.4602752 0.6559422 109.4847 0.01177636 5.026809435150739 1.124218 0.6698032 1.77027 0.39010539650917053 0.5980147123336792 0.0 3.141592653589793 0.0 0.0 0.0
0.0 0.0 4.927696 4.707499 4.1926484 0.9553144 216.0504 0.1752792 5.539337830169046 3.391334 1.242557 2.783089 0.4606730043888092 0.20454980432987213 0.0 0.0 0.0 0.0 0.0
0.0 0.0 4.858078 3.07337 3.3463943 0.6326308 71.05543 -0.8037397 6.063148950650742 2.170562 3.100985 0.7157025 0.349236398935318 0.7054429054260254 0.0 0.0 0.0 3.141592653589793 0.0
0.0 0.0 4.443208 4.182214 3.7523704 0.9412599 247.2297 -0.9809156 3.522442197113442 5.764215 2.958333 2.136353 0.2860059142112732 0.12144359946250916 3.141592653589793 3.141592653589793 0.0 3.141592653589793 0.0
0.0 0.0 4.735168 4.530649 4.0320024 0.95680857 133.4077 -0.8258411 4.5709426046733554 2.166825 1.168924 2.209007 0.18713200092315674 0.18086430430412292 3.141592653589793 3.141592653589793 0.0 0.0 0.0
0.0 0.0 4.914965 3.339522 3.513863 0.6794599 161.1224 0.495114 4.8171434447058985 0.002137098 2.784149 0.6952807 0.2687534987926483 0.16184140741825104 0.0 0.0 0.0 3.141592653589793 0.0
0.0 0.0 4.947479 3.644302 3.6879272 0.7365978 204.0835 -0.8629126 4.881667493092273 4.793723 3.443629 0.27084 0.5902941226959229 0.49849608540534973 0.0 0.0 0.0 -0.0 0.0
0.0 0.0 4.649583 4.06679 3.7838361 0.874657 240.1281 0.5549058 0.3894399243252309 1.023632 3.561507 1.009327 0.04983077943325043 0.5217545032501221 3.141592653589793 0.0 0.0 -0.0 0.0
0.0 0.0 4.949587 3.252346 3.4775724 0.6570944 203.8122 0.8396161 0.7325790790744549 1.311015 0.5662688 0.9865065 0.009655658155679703 0.37375009059906006 3.141592653589793 0.0 0.0 0.0 0.0
0.0 0.0 4.989494 4.168831 3.9671562 0.8355218 153.8008 -0.5199513 1.1827279313006542 3.977757 2.643956 1.594435 0.7393385767936707 0.6199048161506653 3.141592653589793 3.141592653589793 0.0 3.141592653589793 0.0
0.0 0.0 3.802655 3.654797 3.2452788 0.9611172 167.4657 -0.2692839 1.4307348285224393 0.6143522 3.70642 1.181094 0.29118019342422485 0.35071301460266113 3.141592653589793 3.141592653589793 0.0 -0.0 0.0
0.0 0.0 4.859061 2.967133 3.285667 0.6106392 180.8865 -0.5390023 3.506337513051946 4.634997 0.9571714 1.703711 0.1414051055908203 0.5901771187782288 0.0 0.0 0.0 0.0 0.0
0.0 0.0 4.119137 3.41827 3.2637975 0.8298511 237.6897 -0.6272592 0.5086766753525112 1.460833 1.377309 0.4612634 0.665172278881073 0.25834500789642334 3.141592653589793 0.0 0.0 0.0 0.0
0.0 0.0 4.405786 3.921139 3.6171331 0.8899976 195.0332 -1.09361 6.195658891661694 4.497852 4.347564 1.574281 0.5326123237609863 0.5831369757652283 3.141592653589793 3.141592653589793 0.0 -0.0 0.0
0.0 0.0 4.447387 3.755038 3.555029 0.8443245 246.428 0.05847448 4.130239202452252 4.859426 0.3450369 1.348474 0.48378708958625793 0.32875359058380127 0.0 3.141592653589793 0.0 0.0 0.0
0.0 0.0 4.274839 4.090978 3.6403782 0.95699 200.955 0.1323501 4.044021286376413 0.6576779 6.138496 1.291761 0.6139541268348694 0.34485501050949097 0.0 0.0 0.0 0.0 0.0
0.0 0.0 4.78994 3.858862 3.7383711 0.80561805 176.57 -0.3790506 4.61029865579669 4.38947 3.457303 1.168185 0.5626646280288696 0.11574260145425797 0.0 0.0 0.0 -0.0 0.0
0.0 0.0 4.748037 4.292962 3.9293382 0.9041552 204.1131 -0.2666386 5.209704990790236 3.612647 3.245267 1.153911 0.07630045711994171 0.6852962970733643 0.0 3.141592653589793 0.0 -0.0 0.0
0.0 0.0 4.46501 3.99683 3.6764605 0.89514464 134.4275 -0.8272374 2.579292003317505 0.2837021 3.687131 0.2481068 0.2526850998401642 0.08052971959114075 0.0 0.0 0.0 -0.0 0.0
0.0 0.0 4.488935 4.231944 3.7940052 0.94275016 163.7942 1.232888 4.2356015037953725 0.9499018 4.681608 1.357062 0.3797178864479065 0.36948689818382263 0.0 3.141592653589793 0.0 -0.0 0.0
0.0 0.0 4.077335 3.757943 3.4071016 0.9216665 246.3833 -1.117886 0.7005120425794757 2.052876 1.869557 0.8559685 0.07645660638809204 0.248997300863266 3.141592653589793 3.141592653589793 0.0 3.141592653589793 0.0
0.0 0.0 4.941112 3.658972 3.6932588 0.7405159 180.3806 -0.6754907 4.5884542877950025 4.994483 4.370614 2.24061 0.022600220516324043 0.03198162093758583 3.141592653589793 3.141592653589793 0.0 -0.0 0.0
0.0 0.0 4.780496 3.343566 3.469406 0.6994182 236.8346 0.4901694 0.8777012474256267 3.604229 3.272638 0.3224842 0.6927083134651184 0.33283519744873047 0.0 0.0 0.0 -0.0 0.0
0.0 0.0 4.511293 4.332469 3.8485265 0.9603608 197.0733 -0.7290311 2.48912989283167 2.026018 1.032011 1.255629 0.346121609210968 0.4087713062763214 0.0 3.141592653589793 0.0 0.0 0.0
0.0 0.0 4.513951 4.018418 3.7064083 0.8902219 232.1999 -0.9007905 4.095197111736752 1.832734 5.883928 1.257822 0.46077480912208557 0.34989631175994873 0.0 0.0 0.0 0.0 0.0
0.0 0.0 3.916413 3.490513 3.2176518 0.8912525 72.96541 0.1570629 3.108835136930111 2.590113 6.005767 0.9129328 0.3766365945339203 0.5480018854141235 0.0 0.0 0.0 0.0 0.0
0.0 0.0 4.765366 3.122658 3.3433266 0.6552819 214.4801 -0.02702207 1.9548087413222461 1.270566 2.369107 1.785259 0.7336758971214294 0.018028980121016502 0.0 3.141592653589793 0.0 3.141592653589793 0.0
0.0 0.0 4.930953 3.534274 3.6241899 0.71675277 119.177 -0.91267 3.941666053224232 0.1846472 5.75464 1.737668 0.2989371120929718 0.675518810749054 0.0 0.0 0.0 0.0 0.0
0.0 0.0 4.929801 3.911914 3.8178947 0.7935237 237.0706 -0.6522199 0.38401774101109964 4.275028 4.381483 1.693133 0.1913323998451233 0.44748321175575256 0.0 3.141592653589793 0.0 -0.0 0.0
0.0 0.0 4.898169 3.864325 3.782152 0.78893256 193.6052 -0.2586041 0.5227149738729864 2.01028 5.302677 1.969989 0.5604742169380188 0.294028103351593 3.141592653589793 0.0 0.0 0.0 0.0
0.0 0.0 4.759192 3.983605 3.7875261 0.83703387 163.0224 1.150698 5.1631899665316965 5.630948 1.625039 0.9988058 0.7283902764320374 0.31828901171684265 3.141592653589793 0.0 0.0 3.141592653589793 0.0
0.0 0.0 4.899656 2.855023 3.2326028 0.58269864 225.8064 -1.024625 3.6694244006739396 0.4583051 6.143874 2.260339 0.20521029829978943 0.07469172775745392 0.0 0.0 0.0 0.0 0.0
0.0 0.0 4.655359 4.05203 3.7791831 0.87040126 129.8412 -0.06884743 3.8521431739154437 5.112401 2.402175 1.345393 0.5090165138244629 0.6362621784210205 0.0 3.141592653589793 0.0 3.141592653589793 0.0
0.0 0.0 4.819342 3.876734 3.75844 0.8044115 161.9942 -0.171514 5.283983047624112 4.125016 0.123441 2.99528 0.5273004770278931 0.2809149920940399 0.0 0.0 0.0 0.0 0.0
0.0 0.0 4.750001 4.401266 3.9798489 0.92658216 144.4998 -0.2652631 0.4092385183455036 5.77423 2.159489 1.447559 0.479341596364975 0.4070967137813568 3.141592653589793 0.0 0.0 3.141592653589793 0.0
0.0 0.0 4.279618 3.822394 3.5198627 0.8931624 114.7934 1.006517 1.2763236332236403 4.418135 1.312068 1.219067 0.23113299906253815 0.5326179265975952 3.141592653589793 3.141592653589793 0.0 0.0 0.0
0.0 0.0 4.777844 3.771633 3.6903617 0.7894006 106.9438 0.2249841 5.345437710939201 0.9058853 5.461299 1.214477 0.01703839935362339 0.3332633078098297 0.0 3.141592653589793 0.0 0.0 0.0
0.0 0.0 4.45624 3.910561 3.6325595 0.8775472 87.83989 0.7411482 1.6528711356210835 0.6025065 5.590915 1.988595 0.5517191290855408 0.5521783232688904 0.0 3.141592653589793 0.0 0.0 0.0
0.0 0.0 4.688197 3.831095 3.685671 0.8171787 169.6815 -0.2468091 3.806154255419372 5.451831 2.685147 2.057231 0.3783738911151886 0.04032649099826813 3.141592653589793 0.0 0.0 3.141592653589793 0.0
0.0 0.0 4.797122 4.444481 4.0191264 0.92648906 205.5099 0.5610029 1.487853268072925 1.530811 3.511648 1.828501 0.3661291003227234 0.5994840264320374 3.141592653589793 0.0 0.0 -0.0 0.0
0.0 0.0 4.645152 4.522985 3.9902387 0.9737001 162.0689 1.044236 6.060642735449349 1.118098 5.78918 0.6740167 0.24894979596138 0.7448790073394775 3.141592653589793 3.141592653589793 0.0 0.0 0.0
0.0 0.0 4.091704 3.811219 3.4373465 0.93145037 244.5097 0.8003248 2.1519215812429167 1.902461 3.672203 2.514233 0.27967900037765503 0.43595269322395325 3.141592653589793 3.141592653589793 0.0 -0.0 0.0
0.0 0.0 4.879384 4.064739 3.8737457 0.8330435 204.9024 -0.466288 5.472577731705954 1.991452 5.526654 2.27897 0.15112650394439697 0.47129368782043457 3.141592653589793 3.141592653589793 0.0 0.0 0.0
0.0 0.0 4.267498 3.725816 3.4696968 0.87306803 177.0413 0.1665488 4.3441325045848345 3.427704 2.138774 1.348376 0.09313544631004333 0.2929931879043579 0.0 0.0 0.0 3.141592653589793 0.0
0.0 0.0 4.128113 3.464105 3.2895148 0.8391498 180.81 -0.06972627 0.13478006981625157 4.293518 4.460298 2.323283 0.31485891342163086 0.6034024953842163 3.141592653589793 0.0 0.0 -0.0 0.0
0.0 0.0 4.562586 3.538603 3.4923358 0.7755696 212.0786 0.572394 1.8261958766119548 3.850194 1.269956 0.7729999 0.43158841133117676 0.4462907016277313 0.0 0.0 0.0 0.0 0.0
0.0 0.0 4.700369 4.54862 4.0252066 0.96771556 175.2413 -0.6820102 5.28364729374762 2.9776 0.9847902 1.360846 0.5654203295707703 0.5179144144058228 3.141592653589793 0.0 0.0 0.0 0.0
0.0 0.0 4.930816 4.651448 4.1687956 0.9433424 247.6258 0.9124067 4.251938873323006 3.385271 4.79566 0.9008231 0.33575960993766785 0.2118874043226242 3.141592653589793 0.0 0.0 0.0 0.0
0.0 0.0 4.563416 3.385729 3.414297 0.74192864 238.5587 -0.8235859 1.0856751276807302 4.081732 5.829913 0.9487346 0.700078010559082 0.15643459558486938 3.141592653589793 3.141592653589793 0.0 0.0 0.0
0.0 0.0 4.335326 3.502592 3.388494 0.8079189 54.59153 0.05550194 1.645039161645542 1.657856 0.3669191 1.495926 0.19442079961299896 0.6736739277839661 3.141592653589793 0.0 0.0 0.0 0.0
0.0 0.0 4.726039 4.145394 3.8515816 0.87713915 226.0823 0.1458173 3.3509169598911797 0.09603411 3.377309 1.557181 0.12042400240898132 0.15173380076885223 0.0 3.141592653589793 0.0 -0.0 0.0
0.0 0.0 4.11628 3.840031 3.4606802 0.9328886 153.8944 0.8589755 4.692706550508007 0.06607679 5.883474 1.83146 0.15164980292320251 0.2007995992898941 0.0 3.141592653589793 0.0 0.0 0.0
0.0 0.0 4.967581 3.829115 3.7903748 0.77082086 245.3883 -0.2733051 6.160294632609435 1.678267 1.513298 2.137987 0.036186158657073975 0.09017357975244522 3.141592653589793 0.0 0.0 0.0 0.0
0.0 0.0 4.82013 3.830191 3.735606 0.79462403 147.6677 1.233546 5.752298406623737 3.83955 1.326674 2.15345 0.4905768930912018 0.6870326995849609 3.141592653589793 3.141592653589793 0.0 0.0 0.0
0.0 0.0 4.055206 3.866259 3.446841 0.9534064 135.1203 0.5350823 1.151235160759967 2.999206 2.180624 2.722138 0.40878909826278687 0.6100788116455078 0.0 3.141592653589793 0.0 3.141592653589793 0.0
0.0 0.0 4.288903 4.240341 3.712497 0.98867726 146.5128 0.8434916 4.750924858970535 4.938295 1.943527 1.437903 0.3156718909740448 0.34910181164741516 0.0 0.0 0.0 3.141592653589793 0.0
0.0 0.0 4.229638 3.561784 3.3764408 0.8421014 147.9761 -1.135075 0.36062936429232906 4.392878 0.8324367 1.287732 0.6840698719024658 0.5856946110725403 0.0 3.141592653589793 0.0 0.0 0.0
0.0 0.0 4.976965 2.759829 3.198865 0.5545205 135.2122 1.016182 3.292197665629061 3.522223 4.927639 2.53219 0.27009978890419006 0.35003191232681274 3.141592653589793 0.0 0.0 0.0 0.0
0.0 0.0 4.583665 4.536434 3.96969 0.98969585 217.9613 1.065964 2.8760179701568234 5.795327 4.779947 0.7466914 0.4383932054042816 0.1597422957420349 3.141592653589793 0.0 0.0 0.0 0.0
0.0 0.0 4.390352 4.368673 3.812573 0.9950622 205.5645 0.005175614 0.6027630017459913 2.584727 3.328564 2.250834 0.18123559653759003 0.45318540930747986 0.0 0.0 0.0 -0.0 0.0
0.0 0.0 4.763962 3.24047 3.4078436 0.68020487 167.975 0.2508564 2.482240862574038 4.754643 1.741416 0.4425662 0.33804258704185486 0.23199589550495148 3.141592653589793 3.141592653589793 0.0 3.141592653589793 0.0
0.0 0.0 3.857522 3.646821 3.26491 0.9453792 202.1548 -0.2692142 5.061042803172455 2.552541 4.426048 1.602048 0.4859220087528229 0.3818720877170563 3.141592653589793 0.0 0.0 -0.0 0.0
0.0 0.0 4.920904 4.06662 3.890802 0.8263969 158.4431 0.04635778 2.185353824705892 6.1146 1.500083 0.4336525 0.7066100835800171 0.03680996969342232 0.0 3.141592653589793 0.0 0.0 0.0
0.0 0.0 4.655505 3.63289 3.5746818 0.7803428 213.2412 -0.901028 0.9158098720043952 4.697368 0.005173267 1.311536 0.5288615226745605 0.2503404915332794 3.141592653589793 3.141592653589793 0.0 0.0 0.0
0.0 0.0 4.936108 3.350322 3.527031 0.6787376 209.3139 0.4358501 1.9476154383127167 1.187652 3.25001 1.964324 0.5268033742904663 0.503128170967102 0.0 0.0 0.0 -0.0 0.0
0.0 0.0 4.10543 4.0678 3.5575602 0.99083406 193.0106 -0.006119409 3.8189098963747554 5.169452 3.092006 1.279595 0.3240129053592682 0.5536373853683472 3.141592653589793 3.141592653589793 0.0 3.141592653589793 0.0
0.0 0.0 4.434205 3.108424 3.221878 0.7010104 240.7886 -1.012705 6.081567015680918 5.331002 4.622216 1.411215 0.10538789629936218 0.6972988843917847 0.0 3.141592653589793 0.0 -0.0 0.0
0.0 0.0 4.798234 3.950535 3.7866313 0.82333106 178.2567 0.3385151 0.46571738896899006 0.4623108 4.339961 2.136994 0.5217331051826477 0.6425201296806335 0.0 3.141592653589793 0.0 -0.0 0.0
0.0 0.0 4.859629 3.192309 3.4138525 0.6569038 115.8893 0.1892101 4.077473178313888 1.384341 5.387291 1.832225 0.012553299777209759 0.275677889585495 0.0 3.141592653589793 0.0 0.0 0.0
0.0 0.0 3.887867 3.748188 3.323119 0.9640731 166.2634 -0.8613712 4.917473766105907 4.042057 4.041182 1.991642 0.6416835784912109 0.5499892234802246 3.141592653589793 3.141592653589793 0.0 -0.0 0.0
0.0 0.0 4.876214 3.15078 3.396174 0.6461529 158.9564 -0.7238793 5.078733654209721 5.61604 2.763429 0.5597823 0.3163982927799225 0.2945348918437958 0.0 0.0 0.0 3.141592653589793 0.0
0.0 0.0 4.764369 3.145914 3.3559306 0.66030025 79.89523 0.07504711 1.9589038260427358 0.5982136 0.2193721 1.020916 0.19820299744606018 0.08780185878276825 0.0 3.141592653589793 0.0 0.0 0.0
0.0 0.0 4.31731 3.522345 3.3913114 0.8158657 170.2617 -1.103672 6.143899345520261 6.107756 1.981291 2.230739 0.35402458906173706 0.5542032718658447 3.141592653589793 3.141592653589793 0.0 3.141592653589793 0.0
0.0 0.0 4.95217 4.38137 4.053536 0.88473743 141.0144 -0.2242951 1.9053194687163426 5.970968 2.040133 0.4808967 0.46859049797058105 0.2627832889556885 0.0 3.141592653589793 0.0 3.141592653589793 0.0
0.0 0.0 4.603331 3.461128 3.4678388 0.7518747 170.5459 -0.4188216 4.0556716995211985 1.247847 3.573571 0.9337184 0.46733590960502625 0.6045827269554138 3.141592653589793 0.0 0.0 -0.0 0.0
0.0 0.0 4.798551 3.268667 3.4351346 0.6811779 244.0049 -0.7411085 5.465937984701313 2.139368 1.260365 1.825645 0.727884829044342 0.09265285730361938 3.141592653589793 3.141592653589793 0.0 0.0 0.0
0.0 0.0 4.98134 4.595215 4.1643705 0.9224857 148.9898 0.6297913 1.7090043344520467 1.410984 0.3054319 1.833146 0.36896270513534546 0.7296128869056702 0.0 0.0 0.0 0.0 0.0
0.0 0.0 4.446956 3.719172 3.5375473 0.8363411 227.5193 0.2289544 3.8568643503400466 0.2075119 0.04291181 1.693175 0.23017220199108124 0.5101416707038879 0.0 3.141592653589793 0.0 0.0 0.0
0.0 0.0 4.183156 3.268224 3.213973 0.7812819 204.3883 0.108875 1.9198804295316307 5.156079 0.3223683 1.847098 0.41110658645629883 0.20458239316940308 0.0 3.141592653589793 0.0 0.0 0.0
0.0 0.0 4.957405 2.866251 3.2573113 0.57817566 156.4946 -0.3968874 3.2050075809107597 0.7063048 0.4958541 2.441437 0.393740713596344 0.742770791053772 3.141592653589793 3.141592653589793 0.0 0.0 0.0
0.0 0.0 4.456274 3.872816 3.6147623 0.8690705 158.7958 0.06045005 4.143207922288283 4.655813 1.148833 1.52863 0.6405643820762634 0.5109902024269104 3.141592653589793 0.0 0.0 0.0 0.0
0.0 0.0 4.177523 3.359553 3.2574644 0.8041974 123.5885 0.4520341 0.13072848921577673 2.274822 1.918144 0.5222269 0.7131069898605347 0.1881328970193863 0.0 0.0 0.0 3.141592653589793 0.0
0.0 0.0 4.081807 3.462334 3.2704759 0.84823555 79.59041 -0.2628197 0.3812609833024325 4.643066 0.4903054 0.9096774 0.6768919229507446 0.7368459105491638 3.141592653589793 0.0 0.0 0.0 0.0
0.0 0.0 4.306858 3.425157 3.3392282 0.79527974 205.5361 0.08005142 0.38389280337136 5.241281 6.225026 1.39254 0.3920761048793793 0.10186450183391571 3.141592653589793 3.141592653589793 0.0 0.0 0.0
