chirp_mass mass_ratio chi_1 chi_2 dec ra theta_jn psi phase luminosity_distance geocent_time H_eff5 H_eff8 lambda_1 lambda_2
1.4575314960326553 0.9019379172420356 0.03695342878812068 0.11844081921940415 -0.21366936459631147 1.3030872569233036 1.7822210620429244 0.2844511843122591 3.5362130644746688 79.93098709699113 -0.029574090732794267 0.018555845387186624 0.4916283941898951 88.38053359784674 178.32332312974043
1.2003051111272023 0.8751511889293471 0.04891872291350712 0.2249893151691727 1.145144546948517 1.2568730681752849 1.6878587539536811 2.0864039115214643 3.452235878905721 54.921142202622654 0.03545119692572618 0.03381786352944449 0.6956947905050208 287.55057312871884 632.611926505543
1.2377188704260127 0.8305551419404648 -0.012538730196712387 0.012413461501241141 -0.3012767170521185 4.736500688229215 2.2899504788012472 2.9284097392441835 0.775507247354191 61.922093318706395 0.04927976626638589 -0.0008850978815560806 0.2518611513874729 200.83092220320103 614.9370785411854
1.1551133967329366 0.98482766969148 -0.10621542584772206 0.002789730324996089 0.10010962764902184 4.469751803905628 1.3698661303789028 2.4547488637241544 2.391674452792337 65.55666680686167 -0.007646656279439459 -0.013702689517337729 0.08188183850532085 515.6605749027777 563.3475584684044
1.0760001133107941 0.8070848893706292 0.09760546506161004 0.35943786979238057 0.3455879028321769 0.8808572046914096 0.3047917878444206 0.5128301546683409 3.7941672948776435 75.94421793323788 0.0022426904673370773 0.06144587050438732 1.071332224589104 433.3432635499911 1442.4512821268856
1.519945527995673 0.9693331150299656 0.2635325972283048 -0.08928347955728487 1.066181894439534 3.4829758674674105 1.3768970165229415 1.0810062386220478 0.5881564443972578 52.14448106117842 0.050745061313092636 0.03079179880664058 0.6647364885332852 84.86136785303187 105.80852477105192
1.3041516907069544 0.9275857063986548 -0.17328318812488513 0.10367837843774907 0.2394900516138975 5.960197835688465 1.943821014370424 2.400254037066805 1.3789409454828 72.90628400046099 -0.052712356619104894 -0.014447935379018841 0.08557501850079222 205.61077495822866 328.0545143327693
1.5663129973038414 0.8998749221387878 -0.04344565460443292 0.08347454224390967 -1.253407118981492 0.6177490418814316 2.8980764830663253 1.8962543295606449 0.003963942471690172 86.41306587799299 0.055148670281990116 0.002684222191272583 0.29062017515627825 51.075329210977316 110.97820559773645
1.3820343764854888 0.993902573947546 -0.14140957758347886 0.022105357202235654 -1.1112960860790415 3.9565113356093993 2.447710061214575 0.808234453008022 2.935343918370477 97.47205563599891 -0.0820476832166365 -0.016167099017692664 0.05393516164995882 176.92731432939385 184.08335083033225
1.0974701839762329 0.93102986010099 -0.011001642079509804 0.05161398199790265 0.42703281750705097 4.141767003179648 1.804701775966156 2.6847211257721098 2.8206985575957835 61.113639504861624 -0.012868735467965256 0.00430263147823013 0.3068214149359724 588.8372989681246 881.589067936608
1.4575314960326553 0.9693331150299656 -0.008227883259291276 -0.2805707603578569 -0.20093019641599366 3.5362130644746688 0.4172156245896783 2.3556893510672365 0.9917511814646056 126.78155645678888 0.03183653833818939 -0.04243732388901791 -0.258085352341803 114.0153273705988 140.8605529201881
1.2003051111272023 0.9275857063986548 0.012413461501241141 -0.2324002598722069 -1.266004538950476 3.452235878905721 1.4869494766702571 0.471930612779474 5.952770364605205 104.11562067083388 -0.08808508007276875 -0.028359636415723914 -0.08852753024410823 343.9164804484361 536.1376616451021
1.5682525687209299 0.8998749221387878 0.002789730324996089 -0.09693408866108316 -0.19389931027195514 5.5669705653472255 2.0448791711687937 2.0689305031727905 2.7483895241865612 131.50989578283958 -0.021812981373514104 -0.010183789262241201 0.12879180213525862 50.57896432359722 110.0316854726822
1.2377188704260127 0.993902573947546 0.35943786979238057 -0.10114407162742177 0.3730246875755277 0.775507247354191 2.68800824135932 1.7333651495688611 2.231692161539831 110.31883967841341 0.05862879544737925 0.05000575887016995 0.9250447949178617 352.2504590987614 365.43512356271924
1.1551133967329366 0.9311484469318352 -0.08928347955728487 0.12687263644764088 1.3272801562714285 2.391674452792337 1.2705652997614365 0.6175569362997264 4.150903410133032 135.0508111517006 0.06875126124131811 0.0022156772044370533 0.2876575832416548 437.36399583345565 660.9145066717034
1.0760001133107941 0.9378419812025336 0.10367837843774907 0.07668621094676521 0.8769137344196786 3.7941672948776435 1.933188413112782 1.8525580061789064 4.4235716794973134 102.05152404814457 -0.05943255347717154 0.02355274846878136 0.5534664755701556 673.1054272427954 964.0379929490754
1.519945527995673 0.9447733364898244 0.08347454224390967 0.05770487398012696 -0.9595140190612323 0.5881564443972578 0.2282004942307504 1.1939336321373253 0.9807902416344756 135.3542976006973 -0.05776309322345358 0.018267940520813777 0.48446415660280523 77.27988470079472 115.58940555432302
1.3041516907069544 0.8861244149527429 0.022105357202235654 -0.1410040025478331 0.3344460710176812 1.3789409454828 2.086098335632728 2.501755080886624 4.982781616943983 118.38289923469765 -0.015300081419523104 -0.012194762630002803 0.10773556667160397 177.21342242561857 375.9668085792155
1.3820343764854888 0.9587593127970956 0.2435466719590493 0.23307542807098064 1.0437242672986204 2.935343918370477 1.5932251118891914 0.9270489772178546 6.003026505047804 103.95636520214428 -0.0661273010018375 0.06996081708282453 1.1684562597114212 157.21612412058937 206.57790355117564
1.3651296495881131 0.9933599636276216 0.06624470083932142 -0.17721054693041746 0.5976987336185104 3.761238767143927 2.1030199099479714 0.4925979950192719 6.122158141554087 130.5904760930482 0.0231778379868927 -0.015523077168978754 0.0670267986175288 191.24737841417775 199.60307663136928
1.287314203839753 0.8204749375174082 -0.034513413041013866 0.028640936346282838 -0.7389635768058149 0.6184089676412015 1.0155842103692103 0.1893609598778799 2.5127068429658217 111.25917477934266 0.029062499418227968 -0.0031125092586742763 0.22628027956429742 149.29425167749744 507.4821156006113
1.1689834570258568 0.8651158247431343 0.008298935385307479 0.0215025638204678 -0.31709746925724425 1.5747356671678605 2.1549417416579324 1.4453142187998325 4.374407709920804 132.5980848658198 -0.06178665054232535 0.003428173477105172 0.30108069121609804 326.07911220586595 758.8816589956461
1.15776268733705 0.8279328257151707 0.04164632082956918 0.010082902714142243 0.5563017115874199 1.4981744314183998 0.608551716960446 1.1712430886555314 4.8783949944932665 110.59414868187584 -0.02912216889474309 0.007791269560603418 0.36209641199542936 301.83322350922555 903.576514207799
1.605924380453749 0.9655945224680912 0.21787083225904766 0.008132117422345509 0.20870482036861945 1.9549084061912319 0.4464259782235465 0.6107331000822115 3.0436499248232947 113.93040743083729 -0.08508753677838753 0.03373880059653266 0.6916963661812731 55.45411699909943 72.29377036754869
1.0895816036216777 0.9885900411258234 0.02535344550551747 0.11936411393004805 -0.5068915001456331 3.260246578487706 1.7111365087023234 1.1307708886643912 1.2812706963500242 131.44596329453202 -0.03664606876237937 0.01852225747717959 0.48779897838732283 728.2200396623978 776.7996943180476
1.2361106933291457 0.8677870605840339 -0.0005577177116405465 -0.14070108921626254 -0.5724086502131359 1.6162452601893866 1.640586162310145 2.3469524880508903 0.6327801549156497 123.28924190295443 0.09090681389241018 -0.015034549565007969 0.0736362410183067 233.23934630966377 547.3019139835799
1.4575314960326553 0.8900753408398022 -0.020116114412431968 -0.2463573661929781 -0.7536649705678169 4.141767003179648 1.2428184065437853 0.44166901172828665 1.6162452601893866 187.35290896751218 -0.00684303238818236 -0.033395486992468436 -0.14829185043815427 84.23015705832229 186.0459779462681
1.2003051111272023 0.9137661185053904 -0.2850105930848785 -0.006673785870770011 1.1080405107970115 0.3743182491150036 1.8678149421143 2.5053370741554857 5.952235595018629 154.78878503318478 -0.024206175267452917 -0.05129826659103591 -0.3590847894970026 328.53143986309794 559.693982968724
1.5682525687209299 0.9040226537025136 -0.019201822905011597 0.06489336821641335 -0.12548954453034772 2.456317633230564 2.1813089684452565 0.5012525368287342 1.6303627780719674 179.628804787073 0.03722394232791937 0.004248665254269413 0.3085331732420169 51.51392545860605 108.3092008064581
1.2377188704260127 0.9994643565868552 0.046293454800153164 0.2343333593258749 -0.2938405827632945 4.983470584252847 2.6350266561569176 1.1590729224859162 5.1272974132813465 161.41842510613702 0.04183169961299471 0.03991822909013727 0.7709096261544761 358.2132340549043 359.3681965860209
1.1551133967329366 0.8442705217691018 0.30698703405680794 -0.034351459050420696 0.327074070469966 5.3014772259973695 1.3597750376112212 3.0540954201143315 0.7459535740114595 164.20172479386218 -0.05391130460520364 0.05946676829414 1.0517960811942266 325.18926639549693 867.6294335892585
1.0760001133107941 0.9608570255707284 0.16115667307281364 0.04447145541857107 0.4203353098280786 1.2744639197101468 0.6719553740740242 0.8996559812912756 3.4135069332057713 162.03054883927427 -0.0460842019220723 0.02830432725645364 0.616494752235624 721.1829412082577 901.784410958926
1.519945527995673 0.9535008349520672 -0.18504939984373933 -0.31257720228988106 -0.7584605353974542 1.3269115603955524 0.5321267988647516 2.435550710429528 4.265589087416898 170.90525792636268 0.012628015633168954 -0.07437460186033995 -0.6413727540026428 79.93058881906225 112.00253503187447
1.3041516907069544 0.9214230303831732 0.03980998123781959 0.07313878019920124 0.6261983242284253 2.6609264197207985 0.22852615990942365 0.3275318165745262 1.885560595154253 186.9158844346057 0.08544656012090365 0.01383415020450488 0.4285471160343615 201.24607871425434 334.6911946056266
1.3820343764854888 0.9910769797084928 0.21077989992251864 0.0014426615650409698 1.1452726460320344 1.0641422232988564 1.6413601856985118 0.2312655905901766 5.076969121794618 189.90537128628563 0.034299575296670354 0.030440363473640663 0.6478969278468916 175.2959610379258 185.78349412076656
1.3651296495881131 0.9462638950618886 0.09074207967601963 0.07663176067764428 1.249236079425928 3.869745909046959 1.941779730155832 1.4105482220948236 2.6515349471086993 153.97570300348713 0.061013531975690566 0.021574915369095095 0.5272121896170472 163.24149390912055 232.7526265582723
1.287314203839753 0.870326034013372 -0.12432909765598207 -0.08147943903043567 -0.2015422185613648 4.05461800026242 1.0667784264384428 1.629142323189065 6.247202219979219 173.4100261025888 0.0760233513031632 -0.028257661608676106 -0.08925553174920065 181.73461401363645 428.1652113280781
1.1689834570258568 0.9099942496014106 -0.03700810265391773 0.08774464630820925 0.4032581449238556 1.2005077792529018 1.193122769484236 1.9804445263293582 5.949507034104138 186.35022779331194 0.04133382266930141 0.004375496097567745 0.31105897456168735 380.38321903029043 658.8847151307635
1.15776268733705 0.9338749879694388 0.08171202782436503 -0.18586187600795426 0.5857702143119828 2.2266927350265324 2.096032871307504 0.20625123780554025 6.029528950835331 174.52608698558322 -0.04628795771806278 -0.011574886184015292 0.11914569775970534 435.2576062181591 646.9864379015592
1.605924380453749 0.9875360949864032 0.021141759069270155 -0.23668042958733815 -0.031181191339535574 0.4684888490394575 1.5970526021472229 0.3452433083024447 1.3866268397996269 165.83588025873433 0.08452677065131706 -0.03121449213189467 -0.12357441778308775 60.47587643568035 66.49996539605843
1.0895816036216777 0.9237207263308996 -0.07142532190533289 0.01266984355810884 -0.633735305466583 1.990322449521419 1.808243419999332 2.412264362396631 0.4964897099602091 194.7482524599775 -0.05566222453216077 -0.0087830592078476 0.1440804944052882 599.897372924705 937.6978135783529
1.4396364770880916 0.8103725747194315 0.008190536776410113 -0.13351402592831793 -0.9888149615830496 3.658661552963515 2.1753941141933595 2.24470618830023 1.402479683490074 173.65769232662706 0.07402826729106338 -0.011234758892547322 0.12925698806101787 64.9218994660883 269.24884479630305
1.3591366488131786 0.8414785556438805 0.1625926357852913 0.03790411489466844 0.26343215489713584 4.442253190655882 1.441751112372724 1.3614103019871462 3.0787475824206534 198.19465589732778 -0.0035560301035821172 0.031734927497510605 0.6728115226588509 112.80408077066042 341.8592196566146
1.4499862383369813 0.9680897763968944 -0.025570109881966382 -0.10317130663489132 0.413735502515854 5.36944225154422 2.160303206571337 1.7382918624525867 2.269242219208676 192.51501988307712 0.01562735859329742 -0.016032189869278294 0.05258413121852332 117.63522671798773 146.44928720511524
1.4694309553933602 0.9507674994979688 0.021213368732980024 0.017475244654506318 -1.1628538730991806 3.1127147851011414 1.2457369972096275 2.730724519089287 3.4656388746099864 195.0523902806683 0.03518702241760832 0.004886414045118812 0.3126256373385111 100.71531667685156 142.2795276323589
1.4895665425029398 0.9422766187970992 -0.18190791773333947 -0.025747322144431185 0.42703281750705097 2.492427786368676 1.4209370727462105 2.7854111310798646 5.878280966469876 169.58009680392897 -0.01796476910884956 -0.030236999830788897 -0.1157799544065401 88.57909547261784 133.80775966781187
1.3191914254377184 0.8280385556569495 -0.09029287021788517 0.0990508900370976 -0.2678762524336397 1.2646959183701594 1.3902936892397764 1.8725385553148863 3.87436629132779 191.98548679289868 -0.03636448748871193 -0.005665703952351114 0.19836639938676615 130.76363748033452 428.2566580965368
1.1802426624993656 0.9108665651954442 -0.38018694620444393 0.03675429191011429 0.9311628325571556 3.8138141604766544 1.4908199717224455 2.8844565127513877 2.555540966541397 154.49164793050042 0.07048113089061572 -0.07411934326875103 -0.6207904386379719 360.1998920151922 622.1579606141624
1.5301958036755623 0.9897189894710872 -0.0049702289334820115 -0.05506608125257206 -1.0005080780244662 5.52117091081225 1.0217837476228988 0.3050311991354253 3.6505655174156697 183.55410405679638 -0.008057891331859773 -0.0074697676890427825 0.15720089886290775 87.15370197086473 93.82187139845274
1.1284796934880703 0.9259396672922706 -0.1771074677260956 -0.22058644382979867 -0.5819248776799589 3.190436369886416 1.5647049883632222 2.2924220318004624 1.482757220662862 167.7700547460996 -0.0009111158887553651 -0.05521622901486106 -0.4151372444703314 493.2247617922866 766.0255312436781
1.2581614708788051 0.9209853122919284 -0.07454458390234157 -0.00630023892820099 0.3088081640178393 3.264006981978339 2.106266824332097 1.409367378634015 2.804908799944196 180.19416791357315 0.07387768261572092 -0.011385522085037895 0.11171606954868264 252.07184022846926 415.5169067852163
1.1501448587025709 0.911679524728026 -0.08047710245420904 -0.027883007960598227 -0.614113287976106 5.0395572507325666 0.9545399561453874 2.9575975117713886 5.780538673075062 178.12371288564603 0.06859678940120427 -0.014774469411717846 0.0704245708092385 421.2888794078972 718.6909283609123
1.5500520877698047 0.9098308634186791 -0.048788014150144686 -0.10445761773040987 -0.4587009355665255 2.8206985575957835 1.6197523682647204 2.7982869586642374 3.7446189036605104 197.39871414926827 0.0830993018781033 -0.018717147166781693 0.02220265159467434 57.851861518120295 114.86534912632007
1.6168540694705167 0.9658748522798416 0.0025892972643534306 -0.03184899116365854 0.2607844235530771 0.0918598490656268 0.5043014566131114 0.8332160890289151 3.1460146228729045 184.60961071842644 -0.0071886014947620544 -0.0034480562547481875 0.20744992889732095 52.656762300860684 68.66565438088256
1.4847580355687333 0.88470108330828 -0.01992013530712337 0.05435802420733436 0.25464820472387456 1.9980331046076216 2.06273082292607 0.16801936216407345 2.679737932893864 191.61969809075168 0.08615277846794214 0.0026932177659741902 0.29042258806343657 71.94409652586923 168.2012218590482
1.1814064950023062 0.8956618204743244 0.34849728050042045 -0.043754207035252665 -0.7065238222882614 6.052359464871667 1.5154359411229286 0.9027211384946972 4.632061962168477 156.28525183777646 -0.02998353260265184 0.06515651259873467 1.1236579252921637 340.1927852058109 648.7840847895131
1.39616281038024 0.89140352548653 0.1029842317264476 0.14330383082282938 1.3420706804286693 4.549557539619283 2.015031847982837 0.9691062320773228 6.22471661419061 152.64204531542273 0.03269566967148557 0.031629861344352965 0.6625021021387835 114.64933380230656 243.40297535347702
1.3688692239321596 0.9719476162967466 -0.15306308544277847 -0.002046949077351721 0.7429821849140417 3.273043514391364 1.4677685078405032 2.243984933556596 3.792418413013408 196.43675543023517 -0.07875772872182507 -0.02160916464460536 -0.012781588551979084 175.07733367685375 210.24850661660963
1.4575314960326553 0.9680897763968944 -0.005975335513809034 0.03569357565311479 -0.008990334815415462 0.7459535740114595 0.6088013738906546 2.288899311584484 2.5192056565117835 202.77578678247949 0.06835323428468196 0.0034804861336834437 0.2945545899741803 113.51052852832908 141.46462134775666
1.2003051111272023 0.9507674994979688 0.0014426615650409698 -0.09442574567482714 0.6045977873984627 3.4135069332057713 1.9200154432306251 1.0003530470561208 4.716871578058764 239.86719240396417 -0.06688690310218734 -0.011030010460046737 0.11510884434404382 370.575300075744 499.2861295763657
1.5682525687209299 0.9422766187970992 0.07663176067764428 -0.061913496677144325 -0.1290452144221726 4.265589087416898 1.7427152579521914 2.06123459113306 6.255816465437445 227.6578601188496 -0.05515815243890823 0.003492125591833866 0.2986405616591994 60.56645598694502 93.76139838544893
1.2377188704260127 0.8280385556569495 -0.08147943903043567 0.028405338562661194 0.4314126373067384 1.885560595154253 1.2774075932836952 1.9884603091316264 5.046077443062823 238.5743632578869 0.042375166538025394 -0.010957348896534165 0.12904900676383918 198.85394206820058 620.1956752225691
1.1551133967329366 0.9108665651954442 0.08774464630820925 0.03811525931308391 0.5895068797764408 2.450305283549619 1.780087626281854 0.10455927910539574 0.7859221804163016 235.03024979268864 -0.012376173542904698 0.017012388147366664 0.4706300002349121 409.57294101464214 703.144269797725
1.0760001133107941 0.9897189894710872 -0.18586187600795426 -0.221530663539538 -0.3250593295852692 5.076969121794618 1.6960722665593908 0.2968648815460661 5.7725151491963675 248.2260874064423 0.06624653911646862 -0.05731830113354271 -0.4419648009623496 783.9761704635412 830.6506051046514
1.3041516907069544 0.9259396672922706 0.01266984355810884 0.097237083833317 -0.18050263755512025 6.247202219979219 1.9653372573310728 1.3294260597308896 1.8360125349424496 201.72081776173616 -0.003979083440370568 0.012886584326612634 0.416990955021277 204.43995010404745 329.8116112749654
1.5663129973038414 0.9209853122919284 0.0747668850443926 0.12919267056563633 -0.07997635507245103 5.949507034104138 1.5023124835075747 2.447592760776833 2.7339902754217307 233.77961023010133 -0.04103265037774502 0.025674141962621556 0.582249471003208 55.96665201149579 102.45491193843596
1.3820343764854888 0.911679524728026 -0.13351402592831793 -0.09952592489447257 -0.5490125791719979 6.029528950835331 1.3263060903175734 1.86299742425466 1.1273183043216408 211.90375129171727 0.004019796373821466 -0.031248591446506598 -0.1293666064921306 132.76701318202478 241.94718476254405
1.3651296495881131 0.9098308634186791 0.03790411489466844 -0.09481287304785056 -0.6545606935269603 1.3866268397996269 1.9522169996362 1.7365566699438235 1.6206746462704975 225.66520545979216 0.07308866855670099 -0.00506267351036921 0.19285895659743219 143.2093626405058 262.8831513015684
1.287314203839753 0.9658748522798416 0.008666357499082651 -0.014215241668914582 -0.006091338431674435 0.4964897099602091 2.002387940480701 0.22464466367155803 2.7295228530713502 228.80082288209115 0.06877983721585965 -0.0005460390565768369 0.243682699926725 253.69152879123698 314.1670726489907
1.1689834570258568 0.8800419100869107 -0.10317130663489132 -0.14841144726849415 0.5354704975372007 3.3606659498623883 1.0014126703228927 2.311164330813247 3.428269745890877 231.29762434140403 0.03826868865113181 -0.03224962671216057 -0.13870034498958933 343.63995881771405 723.6530662739376
1.15776268733705 0.8046090543419141 0.017475244654506318 -0.12020068645937942 -0.6162563706495092 1.402479683490074 1.091852588640308 1.5458569802122826 0.0922594742165249 227.78340605890256 -0.07742952169836635 -0.008139518645758384 0.16862009521303462 275.9800206862227 976.3390582443874
1.0895816036216777 0.9364433772443034 0.0990508900370976 0.03352212091477418 -1.0664948701817851 2.965594158337698 2.595317631208752 0.9733297568900806 1.1821848406712885 249.34890320765945 0.07358748597790117 0.01784627563185744 0.4800434132323086 624.0229374969347 903.0721936738679
1.5609126991620497 0.9970496169065312 0.03675429191011429 -0.1064568192537608 -0.8021103311263744 2.269242219208676 1.1901889660407157 0.2937013433112297 4.165009555364102 241.9121789949084 -0.003764242751541053 -0.009065258413943723 0.14041256426048312 77.51314969616125 79.20343555108619
1.4396364770880916 0.976876879372029 -0.05506608125257206 -0.033618639434958686 0.6371998540401528 3.4656388746099864 1.920900595711892 0.7150314135846972 5.947949415740648 249.07800744727402 -0.06629009978909023 -0.011262812472315104 0.11013407298869646 127.40243121413702 149.06069715009315
1.3591366488131786 0.8181087248206559 -0.1288002932439414 -0.20266711679843855 -0.7489808754804131 5.878280966469876 2.227027700672941 0.6205782576231031 3.4083671027547773 247.6300620457169 -0.06162294969753681 -0.04323900973055321 -0.2608615315877142 102.09873120781245 371.47911130926326
1.4499862383369813 0.8594452773284172 -0.00630023892820099 -0.058115189100908175 1.2354534631907854 2.555540966541397 1.9969134059979436 1.330481505361948 1.180895749006034 249.3297637856242 0.04842853615062442 -0.00677665973847499 0.17428601644110095 76.88440955763306 214.8221297106587
1.4694309553933602 0.986428354159664 -0.027883007960598227 0.015621293180716294 -0.4414614001575669 3.6505655174156697 1.0895553303923504 0.26963775410389085 6.235205622498615 229.20285033595002 -0.053994023167590936 -0.0016512883660231587 0.2296754940478163 114.51101677834598 125.73034619966121
1.4895665425029398 0.956274166284365 -0.10445761773040987 0.05591362789717209 0.5829866845205651 2.7197969387272214 2.5778622967115803 1.502652362155815 1.7880715685452246 222.2099022363482 0.07701943312950676 -0.007816993001898642 0.1575833809506627 93.38403416281308 127.33488435253838
1.3191914254377184 0.8326477816328192 -0.03184899116365854 0.2592003151170837 -0.9132377764417816 1.482757220662862 0.9804819241936488 1.4357632209034503 5.074690620184078 208.08192728938297 0.04780949960493788 0.024019491968900415 0.5802852208215807 133.28277161185392 421.4156527453811
1.1802426624993656 0.8688189945559504 -0.12806694837513766 0.1370470893740934 0.1277206137687279 2.804908799944196 2.7118383332621407 2.7009468408006785 5.885377273545637 218.85666293104902 0.04723318760024114 -0.0060404738460389795 0.19364834533609937 311.69529804055446 710.4718122099924
1.5301958036755623 0.9528049178701838 0.2313392454431916 -0.0005710147203430318 -1.0212695079601464 5.780538673075062 2.4042870470337947 0.9370213893035948 2.9213438886405574 248.2332873306118 -0.039182837884024664 0.0359863840689354 0.7230104776199471 75.89564395714258 107.17480746421232
1.1284796934880703 0.8514538033493604 -0.03336275388339982 -0.10042207638698576 0.0371527615173772 3.1460146228729045 1.9346536322984385 0.660083467887193 4.6086537635862594 246.81459514532366 0.04297677278531048 -0.015337156926901425 0.06992810791603776 384.01942201821413 964.8607267965403
1.2581614708788051 0.9125611578074566 0.038609823589988185 0.022070141673194668 0.26384057867612953 4.6939049761017815 1.7277130770891236 0.4120179579062444 3.3154994156775097 215.70794797680077 -0.0102845646894483 0.007944500908718411 0.35372119853280864 244.88161536109166 426.86585137154765
1.1501448587025709 0.909888080969408 0.0547123193053544 0.15626245836259442 -1.052564482158673 0.6017764751949628 1.9303646806093977 0.9603204679954264 4.9456152991172955 207.20370858967857 -0.03406657418761476 0.026058146125355605 0.5889009637062912 418.82135419748494 722.655702116327
1.5500520877698047 0.9772021767044188 -0.12929592424522615 0.0007753389871728978 -0.8950035210636281 3.723265418148584 1.3901680226798503 0.799207940051256 0.12491237904217242 233.4099714844454 -0.05312023102851325 -0.017472841674509645 0.0366158500248841 75.78096560523859 89.55403181282804
1.3306688651396257 0.8761293622857009 0.18059812799288735 0.0026869094219941045 -0.5724086502131359 1.7846413712280578 2.352953448657713 0.6303781848762299 4.4180173139926495 205.34747695751759 -0.06963760673065716 0.03029751447667967 0.6516135114378788 149.52426464484773 344.54830204361986
1.3994905742581591 0.9207720959794764 0.24358915883933094 0.10237434103773503 0.4434123877072911 1.5118033540846922 1.49012995841158 3.0691731194033225 2.981783687011625 237.8991515473751 0.08235854718741288 0.052125123312569334 0.9341596846605409 126.15615378266365 216.71958234984965
1.3711858090058016 0.8187216010874354 0.2791064937826825 -0.008524096919339818 -0.13369723284416304 2.6270321889144332 1.9754073276609816 1.4310039580020848 2.040302090624252 226.22219933892862 0.058534958563142385 0.056459810061215226 1.012676747046928 96.21072445327401 351.5307867659712
1.1976058657392403 0.8001261762077003 0.05161398199790265 -0.03875678568323015 0.1068340793311203 3.7068987573546814 2.4020499428944433 1.5320504821932828 3.0454182675586234 200.69423184834235 0.018152191751371918 0.005500241443402302 0.33936521597018904 219.41380707365872 821.4872131924737
1.5362896592829665 0.8934348988566789 0.08810238442855095 0.03385360111531967 0.8307439219189049 5.014656850870717 2.3267293905242146 2.601491077567802 4.781407015125082 235.55361697700332 0.016527564796164948 0.016849975906744256 0.47012319690032356 57.73241505418626 129.80253280182146
1.5149199255357555 0.9197239483879645 -0.002089051503156392 0.09361220592997044 0.8839471511926262 0.4996015739444018 2.551686735231509 2.7064602991897355 2.718520159521618 220.12742866754357 -0.006494547847771898 0.010269451820227983 0.38420783589592916 71.6786581407097 129.49531975695828
1.4217339032631182 0.8196845688104907 -0.09890544588266016 0.2172514986560393 0.19329652946385 2.9417906409695296 1.4988482544108783 2.056773736086549 0.4372942409571257 240.33686405436032 -0.0981538593617238 0.005772323624546445 0.35271966400521626 74.42864618166827 280.99754265182344
1.2979002766550078 0.8501253930985757 0.005481688653140746 -0.02144905874306292 0.9905033369226116 4.5679043436713735 2.016597450988693 0.5713828009272912 1.7197545807741106 236.17089486107776 -0.07122613973922409 -0.0012181187131882474 0.2446737219275405 159.37187722406523 436.78044612008415
1.4938966151547863 0.8622266672274467 0.02879313573107188 -0.20919791668230134 -0.6392438627117434 1.989995403358696 0.9108701418320634 2.1238370033160483 4.213388600977842 210.36781315893512 0.09288746708268512 -0.019021223880696676 0.030486275851524525 62.308051213376196 175.54925732261498
1.2732971288088455 0.9037768717329516 -0.0975076057827916 -0.3124581530392357 0.4773209213857013 5.6232312475698665 1.697339671903587 0.1283269507231905 1.8757575948598144 248.62950611992784 0.009630050097826888 -0.057755073859550886 -0.4415043044832723 220.25740230555016 409.12771836103104
1.3885332950920977 0.8085779242447138 0.05350687708904425 -0.08879381379228213 -0.10295062325445896 0.6327801549156497 1.6030539825505634 1.048504626116841 1.934832715487679 215.89984225297744 -0.09868431658634312 0.000999968652098811 0.2825998227221217 84.0443545145806 338.0817033103169
1.4579068400512194 0.8916251360018439 -0.2494613627748285 0.00541269393367846 1.0819283545153453 2.9729132965687617 1.3797252793721766 3.0416041399594893 3.1860406149286478 236.31424097941934 0.09672876189766584 -0.04316885027913805 -0.26130974306525057 84.60910551828803 184.70773642613864
1.4284087099912637 0.9898882225439956 -0.029446346774531038 -0.07084383820264553 -0.4887902740036784 1.7369050639941026 1.5159205213590257 2.1433105880676018 0.3599739085999775 236.20422856557053 -0.06131047387000608 -0.01259938889454614 0.09370214992793933 140.43676077769732 150.27771432735378
1.0835094727855543 0.8704259092672058 0.17669557807880515 -0.04709828694986445 -0.5069729295457596 5.34259496527596 2.2811995318234257 0.9579129686378036 4.924542917956543 226.04605271351272 0.07240772996313638 0.0247535261672073 0.5827374228430424 521.0046555575512 1136.3857364129908
1.0991323295599482 0.9354511969257262 -0.19740506224356308 0.07518230804046762 1.107659347187577 5.661450333296312 1.0525923834148423 2.8943519678381007 0.5265030518407225 214.98447915990002 0.04066936251604367 -0.02177836567696783 -0.005216472259699942 591.7916137270432 862.8307471685063
1.1894952041454727 0.8025924934820241 0.023412767587489967 0.0017208294319258114 -0.5018399220234214 2.4605075310320084 1.5380846084916653 2.0947638020668187 3.3119926394340817 210.2667119330401 -0.06251242247850823 0.004155703800166648 0.32053389516380537 231.3201835098373 846.1090898529798
1.1852218233123597 0.949279766266386 -0.08725777450451863 0.02506724916363599 0.6842208824101702 5.276051874638476 0.7665196662732132 2.0213667514840385 4.218152074697676 213.1626620011212 -0.08395799030021221 -0.009149504232622068 0.13912792996302273 397.7572110292496 539.748642520179
1.348803773009792 0.9014483403961278 -0.16966372985644618 -0.04304205391694839 -0.08876406793278614 3.472352102017486 2.0526231023907875 3.0364503054897143 2.2996706166869423 245.5446429463324 0.07134801261055826 -0.03142248242793355 -0.12831301294985226 150.3960204221219 291.26246696617665
1.2156168100686628 0.9019262172696121 0.023008567903298596 -0.2370197983937563 -0.9726484387902782 0.5225697968790879 0.39536064914165 2.9812370065676577 4.929163231519496 234.62201171480663 0.007373612915115985 -0.026186822840436073 -0.05949820139690752 292.1246052560347 539.9523295494828
1.367081842407628 0.9993720020513088 -0.01922036480096321 -0.3352063117492657 0.3081591134257436 4.419077054993087 0.9334331969780114 2.9244628307113274 3.59226904674941 204.71636055991783 -0.034576699656284474 -0.058379818041252855 -0.4462406175940369 193.21210797983562 193.99366228048555
1.2437025669861348 0.8928329260483946 0.021888616144018186 0.07155043965175123 -0.2571774884767691 0.4624390882666379 0.9318836899495097 1.0207858630356306 2.7690985402068216 247.45259248953369 -0.09380603808792908 0.010856647729202583 0.39283650519268565 245.67767095748042 486.810032999443
1.1000731721713763 0.8932587780526509 0.038686745004454105 -0.2487377785878224 1.4210562874320505 3.138477736576592 1.2794791566634398 0.3898501017528165 4.114727709884938 249.53258447598907 -0.004833250547846418 -0.0252468502276422 -0.04530165130721568 514.8050170638019 974.7981086513187
1.2359474815158202 0.9877959566559508 -0.15331595621290872 -0.03575940101818822 -1.3102265305235372 2.09415360901956 1.4611608659191084 2.768115000297745 3.612590685431374 220.5017011815456 -0.04345944874410286 -0.025301054230987257 -0.05923467317864334 348.7630300610029 375.4430608512056
1.2482246108653028 0.8779095196974722 -0.2413904925091361 -0.011283222739954194 -0.12457234950158835 3.0914150775115936 0.6975995316750284 2.9032279615526337 5.494860675330297 248.9205568577018 -0.06472591441629957 -0.04397487344784516 -0.27090782949702585 227.61554220750577 500.3244889389291
1.4839981840919525 0.9000113574687081 0.11754982584944268 0.27349296726711936 0.3019632162604541 2.1686035876657246 0.02916509707107292 2.218462073596158 1.7371181120085484 202.08781320819932 0.08052378481171751 0.05343940336109407 0.951747710167414 76.98015222199977 159.63290733989308
